82.88436415208783
82.92999572704272
82.97150692705742
83.00888879231562
83.04213234351815
83.0712285818405
83.09616848889044
83.11694302666544
83.13354313751
83.14595974407301
83.1541837492648
83.16239995417966
83.17060834184113
83.17880889523593
83.18700159731364
83.19518643098682
83.20336337913079
83.21153242458361
83.21969355014599
83.22784673858125
83.23599197261512
83.2441292349358
83.25225850819376
83.26037977500177
83.2684930179347
83.27659821952957
83.28469536228532
83.29278442866284
83.30086540108483
83.30893826193577
83.31700299356176
83.32505957827053
83.33310799833123
83.34114823597452
83.34918027339226
83.35720409273769
83.36521967612512
83.37322700562996
83.38122606328864
83.38921683109842
83.39719929101747
83.4051734249646
83.41313921481938
83.42109664242184
83.42904568957255
83.43698633803243
83.44491856952277
83.45284236572499
83.46075770828074
83.46866457879162
83.47656295881926
83.48445282988513
83.49233417347048
83.50020697101628
83.5080712039231
83.51592685355102
83.52377390121957
83.53161232820761
83.53944211575326
83.54726324505381
83.55507569726562
83.56287945350408
83.57067449484342
83.5784608023167
83.58623835691577
83.59400713959099
83.60176713125136
83.6095183127643
83.61726066495555
83.62499416860919
83.63271880446746
83.64043455323063
83.64814139555705
83.65583931206291
83.66352828332228
83.6712082898669
83.67887931218613
83.68654133072693
83.69419432589365
83.70183827804803
83.70947316750903
83.71709897455284
83.72471567941264
83.73232326227864
83.73992170329797
83.74751098257448
83.7550910801688
83.76266197609806
83.77022365033599
83.77777608281275
83.78531925341471
83.79285314198457
83.80037772832111
83.80789299217918
83.81539891326952
83.82289547125878
83.83038264576929
83.8378604163791
83.84532876262173
83.85278766398625
83.86023709991701
83.8676770498137
83.8751074930311
83.88252840887911
83.8899397766226
83.89734157548128
83.90473378462967
83.91211638319696
83.9194893502669
83.92685266487771
83.93420630602205
83.9415502526468
83.94888448365303
83.95620897789593
83.96352371418465
83.97082867128216
83.97812382790534
83.98540916272466
83.99268465436415
83.9999502814014
84.0072060223673
84.01445185574607
84.0216877599751
84.02891371344481
84.03612969449864
84.04333568143286
84.05053165249653
84.05771758589137
84.06489345977162
84.07205925224405
84.07921494136772
84.08636050515398
84.09349592156627
84.10062116852016
84.10773622388307
84.1148410654743
84.12193567106485
84.12902001837736
84.136094085086
84.14315784881632
84.1502112871452
84.15725437760071
84.16428709766198
84.1713094247592
84.1783213362734
84.18532280953637
84.1923138218306
84.19929435038908
84.20626437239534
84.21322386498318
84.22017280523666
84.22711117018996
84.2340389368273
84.24095608208282
84.24786258284038
84.25475841593365
84.26164355814578
84.26851798620945
84.27538167680667
84.28223460656874
84.28907675207606
84.2959080898581
84.30272859639324
84.30953824810861
84.31633702138015
84.32312489253229
84.32990183783797
84.33666783351849
84.34342285574341
84.35016688063041
84.35689988424521
84.36362184260142
84.37033273166048
84.37703252733145
84.38372120547105
84.39039874188339
84.39706511231995
84.4037202924794
84.4103642580076
84.41699698449732
84.42361844748825
84.43022862246687
84.43682748486628
84.4434150100661
84.44999117339242
84.45655595011758
84.4631093154601
84.46965124458464
84.47618171260174
84.4827006945678
84.48920816548491
84.4957041003008
84.50218847390863
84.50866126114695
84.51512243679954
84.52157197559532
84.52800985220816
84.5344360412569
84.54085051730503
84.54725325486078
84.55364422837683
84.56002341225033
84.56639078082264
84.57274630837934
84.57908996914998
84.5854217373081
84.59174158697098
84.59804949219958
84.6043454269984
84.61062936531543
84.61690128104186
84.62316114801214
84.62940894000374
84.63564463073705
84.6418681938753
84.64807960302439
84.65427883173274
84.66046585349127
84.66664064173318
84.67280316983383
84.67895341111063
84.68509133882296
84.691216926172
84.69733014630057
84.70343097229306
84.70951937717531
84.71559533391441
84.72165881541864
84.7277097945373
84.73374824406066
84.73977413671969
84.74578744518607
84.75178814207199
84.75777619993002
84.76375159125303
84.76971428847399
84.7756642639659
84.78160149004162
84.78752593895373
84.7934375828945
84.7993363939956
84.8052223443281
84.81109540590225
84.81695555066742
84.82280275051188
84.82863697726279
84.83445820268597
84.84026639848575
84.84606153630494
84.85184358772462
84.857612524264
84.86336831738029
84.86911093846864
84.87484035886192
84.88055654983057
84.88625948258259
84.89194912826324
84.89762545795503
84.9032884426775
84.90893805338717
84.91457426097728
84.92019703627778
84.92580635005515
84.9314021730122
84.93698447578798
84.94255322895768
84.94810840303242
84.95364996845919
84.95917789562058
84.96469215483481
84.97019271635543
84.9756795503713
84.9811526270064
84.98661191631965
84.99205738830484
84.9974890128905
85.00290675993959
85.0083105992496
85.01370050055226
85.01907643351339
85.02443836773284
85.02978627274425
85.03512011801502
85.04043987294601
85.04574550687155
85.05103698905927
85.05631428870984
85.0615773749569
85.06682621686699
85.07206078343924
85.07728104360538
85.0824869662295
85.08767852010789
85.09285567396903
85.09801839647324
85.10316665621266
85.10830042171114
85.1134196614239
85.1185243437377
85.1236144369703
85.12868990937064
85.13371864186149
85.13870053277934
85.14363548023952
85.14852338213576
85.15336413613971
85.15815763970048
85.16290379004406
85.16760248417293
85.17225361886558
85.17685709067595
85.18141279593299
85.18592063074013
85.19038049097489
85.19479227228823
85.19915587010425
85.20347117961947
85.20773809580257
85.2119565133937
85.21612632690412
85.2202474306156
85.22431971857998
85.2283430846187
85.2323174223222
85.2362426250495
85.24011858592765
85.24394519785127
85.24772235348203
85.2514499452481
85.2551278653437
85.25875600572854
85.26233425812738
85.26586251402942
85.26934066468792
85.27276860111948
85.27614621410383
85.27947339418301
85.28275003166101
85.28597601660327
85.28915123883607
85.29227558794605
85.29534895327976
85.29837122394298
85.30134228880036
85.30426203647482
85.30713035534703
85.3099471335548
85.31271225899275
85.31542561931161
85.31808710191773
85.3206965939726
85.32325398239226
85.32575915384678
85.32821199475973
85.3306123913077
85.33296022941963
85.33525539477638
85.33749777281021
85.33968724870411
85.34182370739136
85.34390703355498
85.34593711162722
85.34791382578884
85.34983705996879
85.35170669784354
85.35352262283651
85.35528471811759
85.35699286660258
85.35864695095259
85.36024685357349
85.36179245661543
85.36328364197217
85.36472029128065
85.36610228592032
85.36742950701263
85.36870183542047
85.3699191517476
85.3710813363381
85.37218826927575
85.37323983038357
85.37423589922312
85.37517635509407
85.37606107703351
85.37688994381546
85.37766283395021
85.37837962568389
85.37904019699778
85.37964442560772
85.38019218896362
85.38068336424882
85.38111782837953
85.38149545800428
85.38181612950324
85.38207971898774
85.38228610229966
85.3824351550108
85.38252675242234
85.38256076956424
85.38253708119458
85.38245556179916
85.38231608559069
85.38211852650826
85.38186275821687
85.38154865410664
85.38117608729237
85.38074493061288
85.38025505663032
85.3797063376298
85.37909864561851
85.37843185232535
85.37770582920014
85.37692044741317
85.3760755778545
85.37517109113331
85.37420685757743
85.37318274723265
85.37209862986198
85.37095437494531
85.36974985167859
85.36848492897322
85.36715947545551
85.36577335946606
85.36432644905906
85.36281861200172
85.36124971577362
85.35961962756618
85.35792821428186
85.35617534253367
85.35436087864451
85.35248468864648
85.35054663828038
85.34854659299486
85.34648441794607
85.34435997799673
85.34217313771572
85.3399237613773
85.33761171296058
85.33523685614871
85.33279905432849
85.33029817058946
85.32773406772341
85.32510660822376
85.32241565428473
85.3196610678009
85.31684271036644
85.31396044327445
85.31101412751639
85.3080036237813
85.30492879245531
85.3017894936208
85.29858558705583
85.29531693223353
85.29198338832133
85.28858481418034
85.2851210683647
85.28159200912091
85.27799749438714
85.27433738179258
85.27061152865673
85.26681979198881
85.26296202848692
85.2590380945376
85.25504784621492
85.25099113928003
85.2468678291802
85.24267777104839
85.23842081970247
85.2340968296445
85.22970565506009
85.22524714981765
85.22072116746783
85.2161275612427
85.21146618405515
85.20673688849806
85.20193952684374
85.19707395104324
72.09878408851623
72.1193349927575
72.13987281778637
72.1603975351536
72.18090911634818
72.20140753279696
72.22189275586477
72.24236475685407
72.2628235070049
72.28326897749481
72.30370113943857
72.3241199638882
72.34452542183269
72.36491748419799
72.38529612184675
72.40566130557828
72.42601300612839
72.44635119416918
72.46667584030902
72.4869869150923
72.50728438899938
72.5275682324464
72.54783841578514
72.56809490930289
72.58833768322233
72.60856670770139
72.62878195283302
72.64898338864518
72.6691709851006
72.68934471209674
72.7095045394655
72.72965043697322
72.74978237432043
72.76990032114182
72.79000424700598
72.81009412141533
72.83016991380595
72.85023159354742
72.87027912994272
72.89031249222808
72.91033164957275
72.93033657107901
72.95032722578185
72.97030358264897
72.99026561058051
73.01021327840903
73.03014655489923
73.05006540874794
73.06996980858386
73.08985972296747
73.10973512039084
73.12959596927755
73.14944223798244
73.16927389479159
73.18909090792202
73.2088932455217
73.22868087566923
73.24845376637387
73.26821188557525
73.28795520114323
73.30768368087786
73.32739729250909
73.34709600369672
73.36677978203016
73.38644859502838
73.40610241013968
73.4257411947415
73.44536491614045
73.46497354157188
73.48456703819997
73.50414537311744
73.52370851334547
73.54325642583345
73.56278907745894
73.58230643502745
73.60180846527226
73.62129513485425
73.64076641036189
73.66022225831088
73.67966264514416
73.69908753723166
73.7184969008701
73.73789070228298
73.75726890762029
73.77663148295838
73.79597839429985
73.81530960757331
73.8346250886333
73.85392480326007
73.87320871715946
73.89247679596266
73.91172900522616
73.93096531043153
73.95018567698521
73.96939007021847
73.98857845538711
74.00775079767138
74.02690706217578
74.04604721392894
74.0651712178834
74.08427903891547
74.10337064182505
74.12244599133554
74.1415050520935
74.16054778866871
74.17957416555379
74.19858414716418
74.21757769783791
74.23655478183544
74.25551536333948
74.27445940645487
74.29338687520831
74.31229773354835
74.33119194534501
74.35006947438984
74.36893028439555
74.38777433899594
74.4066016017457
74.42541203612032
74.44420560551575
74.46298227324834
74.48174200255475
74.50048475659155
74.5192104984352
74.53791919108193
74.55661079744735
74.57528528036651
74.59394260259361
74.61258272680179
74.63120561558304
74.64981123144798
74.66839953682567
74.68697049406347
74.70552406542681
74.72406021309907
74.74257889918138
74.76108008569241
74.77956373456827
74.7980298076622
74.8164782667445
74.83490907350236
74.85332218953957
74.87171757637645
74.89009519544959
74.90845500811174
74.92679697563156
74.94512105919347
74.96342721989743
74.98171541875888
74.99998561670836
75.0182377745915
75.03647185316873
75.05468781311517
75.07288561502034
75.0910652193881
75.10922658663637
75.12736967709697
75.14549445101548
75.16360086855096
75.18168888977583
75.19975847467568
75.21780958314903
75.23584217500724
75.25385620997417
75.27185164768613
75.28982844769163
75.3077865694512
75.32572597233712
75.34364661563345
75.36154845853554
75.37943146015006
75.39729557949471
75.41514077549806
75.43296700699938
75.45077423274832
75.46856241140489
75.48633150153915
75.50408146163106
75.52181225007024
75.53952382515584
75.55721614509628
75.57488916800911
75.59254285192071
75.61017715476626
75.6277920343894
75.64538744854204
75.66296335488425
75.68051971098402
75.69805647431699
75.71557360226629
75.73307105212245
75.75054878108303
75.7680067462525
75.78544490464203
75.8028632131693
75.82026162865827
75.837640107839
75.85499860734743
75.87233708372514
75.88965549341926
75.9069537927821
75.92423193807113
75.94148988544859
75.95872759098143
75.97594501064098
75.99314210030286
76.0103188157467
76.0274751126559
76.04461094661758
76.0617262731221
76.07882104756315
76.09589522523733
76.112948761344
76.12998161098511
76.1469937291649
76.1639850707898
76.18095559066816
76.19790524350992
76.21483398392667
76.23174176643118
76.24862854543728
76.26549427525968
76.28233891011371
76.29916240411512
76.31596471127983
76.33274578552377
76.34950558066262
76.36624405041161
76.38296114838529
76.3996568280973
76.41633104296024
76.43298374628529
76.44961489128211
76.4662244310586
76.48281231862069
76.49937850687199
76.5159229486138
76.53244559654469
76.54894640326033
76.56542532125334
76.58188230291296
76.59831730052485
76.61473026627098
76.63112115222921
76.64748991037325
76.66383649257227
76.68016085059081
76.69646293608847
76.71274270061971
76.72900009563361
76.74523507247363
76.76144758237746
76.77763757647665
76.79380500579654
76.80994982125584
76.82607197366661
76.84217141373385
76.85824809205538
76.87430195912151
76.89033296531497
76.90634106091045
76.92232619607452
76.93828832086541
76.95422738523268
76.97014333901701
76.98603613195002
77.00190571365394
77.01775203364147
77.03357504131549
77.04937468596879
77.06515091678389
77.08090368283283
77.0966329330768
77.11233861636599
77.12802068143937
77.14367907692436
77.15931375133671
77.17492465308013
77.1905117304461
77.2060749316137
77.22161420464923
77.237129497506
77.25262075802425
77.26808793393062
77.28353097283808
77.29894982224573
77.31434442953844
77.32971474198659
77.34506070674593
77.36038227085723
77.3756793812461
77.39095198472268
77.40620002798141
77.42142345760084
77.43662222004326
77.45179626165456
77.4669455286639
77.48206996718349
77.49716952320834
77.51224414261597
77.5272937711662
77.54231835450085
77.55731783814356
77.57229216749941
77.5872412878548
77.60216514437704
77.61706368211426
77.63193684599501
77.64678458082808
77.6616068313022
77.67640354198579
77.69117465732671
77.70592012165201
77.72063987916762
77.7353338739581
77.75000204998643
77.7646443510937
77.77926072099878
77.79385110329821
77.8084154414658
77.82295367885246
77.83746575868582
77.85195162407007
77.86641121798561
77.88084448328885
77.89525136271192
77.9096317988623
77.92398573422278
77.93831311115092
77.95261387187895
77.96688795851345
77.9811353130351
77.99535587729832
78.00954959303114
78.02371640183475
78.03785624518342
78.05196906442404
78.06605480077599
78.0801133953307
78.0941447890516
78.1081489227736
78.12212573720296
78.13607517291703
78.14999717036378
78.16389166986178
78.1777586115997
78.19159793563617
78.2054095818994
78.21919349018697
78.23294960016551
78.24667785137039
78.26037818320552
78.27405053494297
78.28769484572271
78.30131105455237
78.31489910030689
78.3284589217283
78.34199045742533
78.3554936458732
78.36896842541333
78.38241473425302
78.39583251046511
78.40922169198785
78.42258221662442
78.43591402204274
78.44921704577514
78.46249122521812
78.47573649763194
78.48895280014047
78.50214006973076
78.51529824325286
78.52842725741944
78.54152704880548
78.55459755384803
78.5676387088459
78.58065044995934
78.59363271320973
78.6065854344793
78.61950854951081
78.63240199390728
78.64526570313163
78.65809961250643
78.67090365721356
78.6836777722939
78.69642189264708
78.70913595303111
78.72181988806207
78.73447363221386
78.74709711981785
78.75969028506255
78.77225306199335
78.78478538451218
78.79728718637718
78.80975840120244
78.82219896245766
78.83460880346777
78.84698785741276
78.85933605732723
78.87165333610011
78.88393962647442
78.89619486104684
78.90841897226744
78.9206118924394
78.93277355371862
78.94490388811349
78.95700282748442
78.96907030354367
78.98110624785502
78.99311059183327
79.00508326674412
79.01702420370378
79.02893333367862
79.0408105874848
79.05265589578809
79.06446918910339
79.0762503977945
79.08799945207372
79.09971628200155
79.11140081748644
79.12305298828431
79.13467272399836
79.14625995407857
79.15781460782159
79.16933661437018
79.18082590271305
79.19228240168442
79.20370603996375
79.21509674607532
79.22645444838801
79.23777907511484
79.24907055431274
79.26032881388213
79.27155378156655
79.2827453849525
79.29390355146887
79.30502820838677
79.3161192828191
79.32717670172016
79.3382003918855
79.34919027995133
79.36014629239432
79.37106835553128
79.38195639551866
79.39281033835235
79.40363010986728
79.41441563573704
79.42516684147355
79.43588365242678
79.4465659937842
79.4572137905707
79.46782696764802
79.47840544971444
79.48894916130455
79.49945802678869
79.50993197037276
79.52037091609782
79.53077478783965
79.54114350930848
79.55147700404868
79.56177519543817
79.57203800668836
79.58226536084355
79.59245718078068
79.60261338920895
79.61273390866947
79.62281866153478
79.6328675700087
79.64288055612573
79.65285754175085
79.6627984485791
79.67270319813514
79.682571711773
79.6924039106756
79.70219971585448
79.71195904814931
79.72168182822766
79.73136797658448
79.74101741354183
79.75063005924844
79.76020583367935
79.7697446566356
79.7792464477437
79.78871112645542
79.79813861204731
79.80752882362032
79.81688168009944
79.82619710023334
79.83547500259397
79.8447153055761
79.85391792739712
79.86308278609641
79.87220979953514
79.88129888539586
79.89034996118204
79.89936294421766
79.90833775164694
79.91727430043387
79.92617250736184
79.93503228903322
79.94385356186896
79.95263624210827
79.96138024580819
79.97008548884307
79.97875188690438
79.9873793555002
79.9959678099548
80.00451716540832
80.01302733681626
80.0214982389492
80.02992978639234
80.03832189354505
80.04667447462054
80.05498744364542
80.06326071445933
80.07149420071447
80.07968781587526
80.08784147321786
80.09595508582983
80.10402856660968
80.11206182826646
80.12005478331938
80.12800734409734
80.1359194227386
80.14379093119022
80.15162178120787
80.15941188435517
80.16716115200344
80.17486949533122
80.18253682532387
80.19016305277307
80.19774808827654
80.20529184223754
80.21279422486441
80.22025514617019
80.22767451597224
80.23505224389174
80.24238823935325
80.24968241158437
80.25693466961528
80.26414492227823
80.27131307820724
80.27843904583759
80.28552273340534
80.29256404894701
80.2995629002991
80.30651919509762
80.31343284077772
80.32030374457318
80.32713181351599
80.33391695443599
80.34065907396032
80.34735807851305
80.35401387431472
80.36062636738185
80.3671954635266
80.37372106835625
80.38020308727272
80.38664142547222
80.39303598794476
80.39938667947368
80.4056934046352
80.41195606779804
80.41817457312287
80.42434882456192
80.43047872585849
80.43656418054654
80.44260509195021
80.44860136318336
80.45455289714909
80.46045959653935
80.4663213638344
80.47213810130243
80.47790971099903
80.48363609476672
80.48931715423461
80.49495279081778
80.50054290571688
80.5060873999177
80.51158617419065
80.5170391290903
80.52244616495496
80.5278071819061
80.53312207984803
80.53839075846724
80.54361311723216
80.54878905539246
80.55391847197872
80.55900126580187
80.56403733545277
80.5690265793017
80.57396889549791
80.5788641819691
80.58371233642096
80.58851325633668
80.59326683897646
80.59797298137704
80.60263158035124
80.6072425324874
80.61180573414896
80.61632108147391
80.62078847037438
80.62520779653607
80.6295789554178
80.63390184225102
80.63817635203924
80.6424023795577
80.64657981935268
80.65070856574114
80.65478851281014
80.65881955441643
80.6628015841858
80.66673449551276
80.67061818155989
80.67445253525742
80.67823744930267
80.6819728161596
80.68565852805828
80.68929447699433
80.69288055472848
80.69641665278603
80.69990266245634
80.70333847479233
80.70672398060994
80.71005907048763
80.71334363476583
80.71657756354655
80.71976074669266
80.72289307382752
80.72597443433442
80.72900471735603
80.73198381179392
80.734911606308
80.73778798931603
80.74061284899305
80.74338607327087
80.74610754983757
80.74877716613692
80.7513948093679
80.7539603664841
80.75647372419326
80.75893476895669
80.76134338698878
80.76369946425638
80.76600288647832
80.76825353912491
80.77045130741728
80.77259607632695
80.77468773057527
80.7767261546328
80.77871123271883
80.78064284880085
80.78252088659394
80.78434522956029
80.78611576090856
80.78783236359342
80.78949492031497
80.79110331351814
80.79265742539216
80.79415713787009
80.79560233262812
80.79699289108513
80.79832869440199
80.79960962348119
80.80083555896611
80.80200638124057
80.80312197042818
80.80418220639181
80.80518696873307
80.80613613679162
80.8070295896448
80.80786720610679
80.8086488647283
80.80937444379579
80.81004382133108
80.81065687509059
80.81121348256491
80.81171352097816
80.8121568672874
80.81254339818207
80.81287299008339
80.81314551914383
80.81336086124642
80.81351889200431
80.81361948676003
80.81366252058501
80.81364786827893
80.81357540436919
80.81344500311025
80.81325653848303
80.81300988419446
80.81270491367667
80.81234150008653
80.81191951630507
80.81143883493674
80.81089932830898
80.81030086847147
80.80964332719566
80.808926575974
80.80815048601954
80.80731492826513
80.8064197733629
80.8054648916837
80.80445015331637
80.80337542806718
80.8022405854593
80.80104549473202
80.79979002484026
80.79847404445391
80.79709742195718
80.79566002544803
80.79416172273756
80.79260238134927
80.79098186851863
80.7893000511922
80.78755679602725
80.78575196939099
80.78388543735998
80.78195706571947
80.77996671996279
80.77791426529072
80.77579956661084
80.7736224885369
80.77138289538817
80.76908065118884
80.76671561966728
80.76428766425552
80.76179664808853
80.7592424340036
80.75662488453963
80.75394386193663
80.75119922813488
80.74839084477446
80.74551857319442
80.7425822744323
80.73958180922332
80.73651703799985
80.73338782089063
80.73019401772024
80.72693548800834
80.72361209096903
80.72022368551019
80.71677013023285
80.71325128343044
80.70966700308824
80.70601714688257
80.70230157218022
80.69852013603776
80.69467269520082
80.69075910610349
80.68677922486754
80.68273290730184
80.6786200089016
80.67444038484777
80.67019389000626
80.66588037892737
80.66149970584496
80.65705172467594
80.65253628901937
80.64795325215599
80.6433024670473
80.63858378633512
80.63379706234065
80.62894214706392
80.62401889218307
80.61902714905361
80.61396676870774
80.60883760185365
80.60363949887483
80.59837230982933
80.59303588444905
80.58763007213909
80.58215472197699
80.57660968271202
80.57099480276443
80.56530993022486
80.55955491285346
80.55372959807931
80.54783383299963
80.54186746437902
80.53583033864886
80.52972230190645
80.52354319991437
80.51729287809971
80.5109711815534
80.50457795502939
80.498113042944
80.49157628937508
80.48496753806141
80.47828663240189
80.47153341545476
80.46470772993695
80.45780941822326
80.4508383223457
80.44379428399259
80.43667714450804
80.42948674489097
80.42222292579453
80.41488552752524
80.40747439004234
80.39998935295691
80.3924302555312
80.38479693667787
80.37708923495919
80.36930698858626
80.36145003541833
80.353518212962
80.34551135837037
80.3374293084424
80.32927189962206
80.32103896799757
80.31273034930067
80.30434587890576
80.29588539182919
80.2873487227285
80.27873570590151
80.27004617528577
80.26127996445751
80.25243690663103
80.24351683465788
80.234519581026
80.22544497785908
80.21629285691557
80.20706304958802
80.19775538690227
80.18836969951664
80.1789058177211
80.16936357143649
80.15974279021376
80.15004330323306
80.14026493930305
80.13040752686004
80.12047089396717
80.11045486831358
80.1003592772137
80.09018394760625
80.07992870605366
80.06959337874108
80.05917779147552
80.04868176968523
80.03810513841871
80.02744772234394
80.01670934574753
80.00588983253391
79.99498900622453
79.98400668995694
79.97294270648402
79.96179687817317
79.95056902700539
79.93925897457447
79.9278665420862
79.91639155035749
79.90483381981545
79.89319317049669
79.88146942204634
79.86966239371726
79.8577719043692
79.84579777246793
79.83373981608432
79.8215978528936
79.80937170017437
79.79706117480785
79.784666093277
79.77218627166553
79.75962152565721
79.74697167053486
79.73423652117955
79.72141589206976
79.70850959728034
79.69551745048183
79.6824392649395
79.6692748535124
79.65602402865264
79.6426866024043
79.62926238640267
79.61575119187344
79.60215282963159
79.58846711008066
79.5746938432118
79.56083283860289
79.54688390541764
79.5328468524047
79.51872148789667
79.50450761980937
79.49020505564073
79.47581360247003
79.46133306695695
79.44676325534061
79.43210397343876
79.41735502664667
79.40251621993649
79.38758735785606
79.37256824452815
79.35745868364951
79.34225847848988
79.32696743189112
79.31158534626628
79.29611202359862
79.28054726544075
79.26489087291358
79.24914264670552
79.23330238707143
79.21736989383174
79.20134496637147
79.18522740363929
79.16901700414658
79.15271356596645
79.13631688673289
79.11982676363962
79.10324299343938
79.08656537244272
79.06979369651721
79.05292776108644
79.03596736112901
79.01891229117761
79.00176234531803
78.98451731718816
78.96717699997708
78.94974118642406
78.93220966881749
78.91458223899406
78.89685868833769
78.8790388077785
78.86112238779192
78.84310921839767
78.8249990891587
78.8067917891803
78.78848710710902
78.77008483113175
78.75158474897466
78.7329866479022
78.71429031471611
78.69549553575445
78.67660209689053
78.65760978353195
78.63851838061953
78.61932767262638
78.60003744355677
78.58064747694519
78.56115755585535
78.54156746287907
78.52187698013532
78.50208588926918
78.48219397145077
78.46220100737426
78.44210677725684
78.42191106083766
78.40161363737676
78.38121428565412
78.3607127839685
78.34010891013648
78.3194024414914
78.2985931548823
78.27768082667279
78.25666523274012
78.23554614847404
78.21432334877579
78.19299660805703
78.17156570023869
78.15003039875003
78.12839047652747
78.1066457060136
78.08479585915603
78.06284070740637
78.04078002171909
78.01861357255056
77.99634112985781
77.97396246309754
77.951477341225
77.92888553269296
77.90618680545052
77.88338092694204
77.86046766410612
77.83744678337445
77.81431805067064
77.79108123140918
77.76773609049442
77.74428239231926
77.72071990076421
77.69704837919618
77.67326759046742
77.64937729691437
77.62537726035656
77.6012672420954
77.57704700291322
77.55271630307197
77.5282749023122
77.5037225598519
77.47905903438527
77.45428408408176
77.42939746658482
77.40439893901066
77.37928825794737
77.35406517945347
77.328729459057
77.30328085175421
77.27771911200847
77.25204399374913
77.22625525037027
77.20035263472965
77.17433589914745
77.14820479540516
77.12195907474441
77.0955984878657
77.06912278492737
77.04253171554433
77.01582502878684
76.98900247317945
76.96206379669974
76.93500874677704
76.90783707029148
76.88054851357252
76.85314282239794
76.82561974199257
76.79797901702709
76.77022039161682
76.74234360932056
76.71434841313929
76.68623454551508
76.65800174832972
76.62964976290365
76.60117832999467
76.57258718979668
76.54387608193854
76.51504474548273
76.48609291892427
76.45702034018933
76.42782674663408
76.39851187504348
76.3690754616299
76.33951724203206
76.30983695131361
76.280034323962
76.25010909388715
76.22006099442028
76.18988975831252
76.1595951177338
76.12917680427148
76.09863454892908
76.06796808212516
76.03717713369178
76.00626143287349
75.97522070832589
75.9440546881144
75.912763099713
75.88134567000291
75.8498021252713
75.81813219121
75.78633559291421
75.75441205488124
75.72236130100916
75.69018305459547
75.65787703833587
75.62544297432294
75.59288058404475
75.56018958838365
75.52736970761485
75.4944206614052
75.46134216881178
75.42813394828063
75.39479571764542
75.36132719412606
75.32772809432745
75.29399813423805
75.26013702922864
75.22614449405089
75.19202024283604
75.15776398909358
75.12337544570988
75.08885432494681
75.05420033844042
75.01941319719955
74.98449261160448
74.94943829140556
74.91424994572183
74.87892728303969
74.84347001121145
74.80787783745401
74.77215046834746
74.73628760983371
74.70028896721504
74.66415424515279
74.62788314766595
74.5914753781297
74.55493063927408
74.51824863318254
74.4814290612906
74.44447162438433
74.40737602259905
74.37014195541786
74.33276912167021
74.29525721953053
74.25760594651672
74.21981499948882
74.18188407464754
74.14381286753277
74.10560107302223
74.06724838532998
74.028754498005
73.99011910392971
73.95134189531856
73.91242256371658
73.87336079999783
73.8341562943641
73.79480873634331
73.75531781478811
73.71568321787441
73.67590463309986
73.63598174728244
73.59591424655898
73.55570181638357
73.51534414152623
73.47484090607131
39.91640995175315
39.93932085912921
39.96223093191838
39.985140168192835
40.00804856602031
40.03095612346405
40.05386283858286
40.076768709431036
40.0996737340584
40.122577910510245
40.145481236827365
40.16838371104603
40.19128533119797
40.21418609531035
40.237086001405814
40.25998504750241
40.282883231613624
40.30578055174834
40.328677005910855
40.351572592100844
40.37446730831337
40.39736115253886
40.42025412276312
40.443146216967264
40.466037433127774
40.488927769216446
40.511817223200396
40.534705793042036
40.557593476699076
40.58048027212451
40.6033661772666
40.62625119006888
40.649135308470115
40.67201853040432
40.694900853800746
40.71778227658384
40.74066279667327
40.76354241198389
40.78642112042575
40.80929891990406
40.83217580831919
40.85505178356668
40.87792684353718
40.90080098611649
40.923674209185506
40.94654651062026
40.969417888291844
40.99228834006645
41.01515786380535
41.03802645736486
41.06089411859634
41.0837608453462
41.106626635455875
41.12949148676181
41.15235539709545
41.17521836428323
41.19808038614657
41.220941460501855
41.243801585160426
41.26666075792857
41.2895189766075
41.312376238993366
41.33523254287721
41.35808788604498
41.3809422662775
41.40379568135049
41.426648129034504
41.449499607094964
41.47235011329213
41.49519964538108
41.51804820111171
41.54089577822873
41.563742374471616
41.586587987574646
41.60943261526685
41.63227625527202
41.65511890530868
41.67796056309011
41.70080122632427
41.72364089271385
41.746479559956235
41.76931722574348
41.79215388776231
41.81498954369411
41.837824191214914
41.860657827995375
41.88349045170078
41.90632205999101
41.92915265052056
41.951982220938476
41.9748107688884
41.99763829200853
42.02046478793159
42.04329025428484
42.066114688690085
42.088938088763605
42.11176045211619
42.1345817763531
42.15740205907409
42.18022129787333
42.203039490339464
42.22585663405555
42.24867272659908
42.271487765541934
42.29430174845038
42.31711467288508
42.339926536401066
42.36273733654769
42.385547070868675
42.40835573690206
42.43116333218019
42.45396985422972
42.47677530057159
42.499579668721005
42.52238295618744
42.54518516047462
42.567986279080486
42.59078630949722
42.6135852492112
42.636383095703
42.65917984644738
42.68197549891325
42.704770050563695
42.72756349885592
42.75035584124128
42.77314707516522
42.79593719806729
42.81872620738114
42.84151410053447
42.86430087494905
42.8870865280407
42.909871057219256
42.93265445988859
42.955436733446554
42.97821787528501
43.00099788278979
43.02377675334068
43.04655448431141
43.06933107306966
43.092106516977026
43.114880813389
43.13765395965497
43.1604259531182
43.18319679111582
43.20596647097881
43.228734990031974
43.251502345593956
43.27426853497719
43.29703355548791
43.31979740442612
43.342560079085594
43.36532157675386
43.388081894712165
43.41084103023549
43.43359898059251
43.4563557430456
43.47911131485081
43.50186569325785
43.52461887551007
43.547370858844474
43.57012164049166
43.59287121767583
43.61561958761479
43.63836674751991
43.66111269459613
43.683857426041904
43.70660093904925
43.72934323080368
43.752084298484206
43.77482413926333
43.79756275030702
43.8203001287747
43.843036271819216
43.86577117658687
43.88850484021734
43.91123725984371
43.933968432592444
43.95669835558337
43.97942702592966
44.00215444073781
44.02488059710765
44.047605492132284
44.07032912289813
44.09305148648486
44.1157725799654
44.13849240040592
44.161210944865815
44.183928210397674
44.2066441940473
44.229358892853654
44.25207230384886
44.2747844240582
44.29749525050006
44.32020478018596
44.34291301012051
44.3656199373014
44.38832555871939
44.411029871358274
44.433732872194895
44.45643455819911
44.47913492633377
44.50183397355472
44.524531696810755
44.54722809304364
44.56992315918808
44.59261689217168
44.61530928891495
44.63800034633131
44.66069006132703
44.683378430801234
44.70606545164589
44.728751120745784
44.75143543497851
44.774118391214444
44.79679998631673
44.819480217141276
44.84215908053672
44.86483657334442
44.887512692398445
44.910187434525554
44.93286079654516
44.95553277526933
44.97820336750279
45.00087257004287
45.0235403796795
45.046206793195196
45.06887180736504
45.09153541895667
45.11419762473025
45.13685842143848
45.15951780582654
45.18217577463209
45.20483232458527
45.227487452408646
45.250141154817236
45.272793428518455
45.295444270212116
45.318093676590415
45.340741644337896
45.36338817013146
45.38603325064031
45.408676882525974
45.431319062442256
45.453959787035245
45.476599052943264
45.49923685679689
45.52187319521891
45.5445080648243
45.56714146222023
45.58977338400602
45.61240382677315
45.635032787105224
45.65766026157794
45.680286246759096
45.70291073920856
45.725533735478265
45.74815523211217
45.77077522564624
45.793393712608456
45.81601068951877
45.83862615288909
45.86124009922329
45.88385252501713
45.90646342675832
45.92907280092643
45.95168064399289
45.974286952421
45.99689172266588
46.019494951174465
46.04209663438549
46.06469676872945
46.087295350628594
46.10989237649692
46.13248784274014
46.15508174575565
46.177674081932544
46.20026484765155
46.22285403928507
46.24544165319709
46.26802768574322
46.29061213327065
46.31319499211813
46.335776258615944
46.35835592908591
46.380933999841346
46.40351046718706
46.426085327419315
46.44865857682582
46.471230211685715
46.493800228269535
46.51636862283921
46.53893539164804
46.56150053094065
46.58406403695301
46.606625905912395
46.62918613403735
46.651744717537696
46.674301652614496
46.69685693546004
46.71941056225783
46.74196252918253
46.76451283239999
46.78706146806719
46.80960843233225
46.832153721334365
46.85469733120384
46.87723925806201
46.89977949802129
46.92231804718509
46.944854901647815
46.96739005749486
46.989923510802576
47.01245525763825
47.034985294060085
47.05751361611718
47.0800402198495
47.10256510128787
47.12508825645395
47.1476096813602
47.170129372009875
47.192647324397
47.215163534506345
47.2376779983134
47.26019071178436
47.282701670876115
47.3052108715362
47.32771830970279
47.35022398130469
47.37272788226129
47.39523000848256
47.41773035586901
47.44022892031171
47.46272569769221
47.485220683882545
47.50771387474524
47.53020526613325
47.552694853889946
47.575182633849096
47.597668601834854
47.62015275366172
47.64263508513453
47.66511559204843
47.68759427018885
47.710071115331495
47.732546123242294
47.755019289677406
47.77749061038319
47.79996008109618
47.822427697543056
47.844893455440626
47.86735735049581
47.889819378405605
47.91227953485708
47.93473781552732
47.95719421608345
47.97964873218257
48.00210135947175
48.024552093588014
48.0470009301583
48.06944786479944
48.091892893118164
48.11433601071102
48.136777213164414
48.15921649605454
48.18165385494738
48.204089285398666
48.22652278295388
48.24895434314819
48.27138396150649
48.293811633543285
48.31623735476276
48.33866112065871
48.3610829267145
48.383502768403076
48.40592064118693
48.42833654051807
48.450750461837984
48.47316240057766
48.495572352157495
48.517980311987344
48.54038627546644
48.562790237983386
48.58519219491614
48.60759214163198
48.62999007348749
48.65238598582852
48.674779873990175
48.69717173329677
48.719561559061844
48.74194934658809
48.76433509116737
48.78671878808065
48.809100432598
48.83148001997858
48.853857545470575
48.87623300431122
48.89860639172673
48.9209777029323
48.94334693313206
48.96571407751909
48.988079131275335
49.01044208957163
49.03280294756765
49.055161700411894
49.07751834324164
49.09987287118295
49.12222527935062
49.14457556284816
49.16692371676777
49.18926973619032
49.21161361618531
49.233955351810856
49.256294938113655
49.27863237012896
49.300967642880565
49.32330075138076
49.34563169063033
49.36796045561848
49.39028704132287
49.412611442709554
49.434933654732944
49.45725367233581
49.47957149044924
49.50188710399261
49.52420050787356
49.54651169698796
49.56882066621991
49.591127410441665
49.61343192451366
49.63573420328445
49.658034241590684
49.68033203425709
49.70262757609645
49.72492086190954
49.74721188648515
49.76950064460002
49.791787131018836
49.81407134049417
49.8363532677665
49.85863290756413
49.8809102546032
49.90318530358765
49.92545804920917
49.9477284861472
49.96999660906889
49.992262412629074
50.01452589147023
50.03678704022246
50.05904585350346
50.08130232591852
50.10355645206044
50.125808226509534
50.14805764383361
50.17030469858792
50.19254938531513
50.21479169854532
50.23703163279591
50.259269182571686
50.28150434236471
50.303737106654346
50.32596746990719
50.348195426577064
50.37042097110498
50.392644097919096
50.41486480143472
50.437083076054236
50.45929891616712
50.48151231614988
50.50372327036604
50.525931773166086
50.54813781888747
50.570341401854556
50.59254251637861
50.61474115675774
50.636937317276896
50.65913099220783
50.68132217580904
50.7035108623258
50.72569704599005
50.74788072102043
50.77006188162222
50.79224052198731
50.81441663629418
50.83659021870787
50.858761263379925
50.880929764448396
50.90309571603778
50.92525911225901
50.94741994720942
50.969578214972685
50.991733909618844
51.013887025204234
51.03603755577144
51.05818549534932
51.0803308379529
51.10247357758342
51.124613708228225
51.146751223860804
51.16888611844071
51.19101838591355
51.21314802021094
51.23527501525047
51.25739936493571
51.2795210631561
51.30164010378702
51.32375648068967
51.345870187711064
51.36798121868402
51.39008956742712
51.41219522774463
51.43429819342654
51.456398458248486
51.478496015971714
51.500590860343074
51.52268298509496
51.5447723839453
51.5668590505975
51.588942978740434
51.61102416204838
51.633102594181025
51.65517826878339
51.67725117948583
51.69932131990399
51.72138868363875
51.74345326427623
51.76551505538772
51.78757405052967
51.80963024324363
51.83168362705624
51.853734195479205
51.87578194200921
51.89782686012795
51.919868943302035
51.941908184983
51.96394457860725
51.98597811759603
52.00800879535538
52.03003660527612
52.05206154073382
52.074083595088695
52.09610276168567
52.118119033854285
52.14013240490866
52.16214286814749
52.18415041685398
52.20615504429582
52.228156743725144
52.25015550837851
52.27215133147685
52.294144206225425
52.31613412581382
52.33812108341587
52.36010507218967
52.38208608527747
52.40406411580572
52.42603915688496
52.44801120160984
52.46998024305904
52.49194627429527
52.513909288365205
52.53586927829946
52.55782623711254
52.57978015780285
52.601731033352586
52.62367885672774
52.64562362087807
52.66756531873703
52.68950394322177
52.71143948723307
52.733371943655314
52.75530130535644
52.77722756518792
52.799150715984716
52.821070750565234
52.84298766173129
52.864901442268085
52.88681208494414
52.908719582511274
52.93062392770457
52.95252511324233
52.97442313182602
52.996317976140276
53.01820963885281
53.0400981126144
53.06198339005886
53.083865463802994
53.11603942193441
53.148243617853225
53.180478154272336
53.212743134253515
53.24503866120864
53.27736483890085
53.30972177144575
53.342109563312626
53.3745283193256
53.40697814466489
53.43945914486798
53.47197142583086
53.50451509380922
53.537090255419685
53.569697017641055
53.602335487815495
53.63500577364981
53.667707983216665
53.70044222495583
53.73320860767542
53.76600724055317
53.79883823313766
53.83170169534959
53.864597737483045
53.89752647020677
53.930488004565426
53.963482451980866
53.996509924253445
54.029570533563266
54.062664392471504
54.095791613921676
54.12895231124096
54.162146598141476
54.19537458872162
54.22863639746735
54.26193213925352
54.29526192934519
54.32862588339897
54.36202411746432
54.395456747984916
54.42892389179996
54.46242566614555
54.49596218865601
54.52953357736524
54.56313995070811
54.59678142752177
54.63045812704704
54.6641701689298
54.69791767322233
54.73170076038471
54.765519551286225
54.7993741672067
54.83326472983795
54.86719136128515
54.90115418406826
54.9351533211234
54.969188895804294
55.00326103188368
55.037369853554736
55.071515485432485
55.10569805255527
55.139917680386155
55.174174494814395
55.20846862215685
55.24280018915948
55.277169322998766
55.31157615128319
55.34602080205471
55.3805034037902
55.41502408540297
55.449582976244216
55.484180206104526
55.51881590521536
55.553490204250565
55.58820323432785
55.622955127010314
55.65774601430796
55.6925760286792
55.7274453030324
55.762353970727375
55.79730216557696
55.832290021848515
55.86731767426549
55.902385258008984
55.937492908719264
55.97264076249735
56.00782895590658
56.04305762597417
56.07832691019281
56.1136369465222
56.148987873390695
56.184379829696866
56.21981295481108
56.25528738857715
56.2908032713139
56.326360743816785
56.361959947359544
56.39760102369578
56.433284115060616
56.46900936417233
56.504776914233986
56.54058690893508
56.57643949245322
56.61233480945574
56.64827300510139
56.684254225042
56.720278615424164
56.756346322890906
56.792457494583374
56.82861227814253
56.86481082171085
56.90105327393402
56.93733978396266
56.97367050145404
57.01004557657376
57.04646515999754
57.0829294029129
57.11943845702094
57.155992474538046
57.19259160819766
57.22923601125204
57.26592583747402
57.30266124115878
57.3394423771256
57.376269400719664
57.413142467813834
57.45006173481046
57.48702735864316
57.52403949677862
57.56109830721842
57.59820394850086
57.635356579702744
57.672556360441256
57.70980345087576
57.74709801170967
57.784440204192265
57.82183019012058
57.85926813184123
57.89675419225231
57.93428853480525
57.97187132350669
58.00950272292039
58.04718289816909
58.084912014936435
58.122690239468874
58.16051773857755
58.19839467964026
58.23632123060334
58.274297559983616
58.31232383687035
58.35040023092716
58.38852691239398
58.426704052089036
58.46493182141079
58.50321039233991
58.541539937441264
58.579920629865896
58.618352643353006
58.65683615223196
58.695371331424305
58.733958356445754
58.77259740340823
58.81128864902187
58.85003227059707
58.888828446046524
58.92767735388726
58.966579173242714
59.00553408384476
59.04454226603579
59.083603900770804
59.12271916961947
59.16188825476822
59.20111133902235
59.24038860580809
59.27972023917478
59.31910642379692
59.358547344976316
59.39804318864423
59.43759414136349
59.47720039033066
59.51686212337816
59.55657952897647
59.59635279623626
59.63618211491058
59.67606767539705
59.71600966874003
59.75600828663282
59.7960637214199
59.83617616609907
59.876345814323756
59.91657286040516
59.95685749931455
59.99719992668547
60.037600338816
60.07805893267101
60.11857590588444
60.15915145676155
60.199785784281204
60.24047908809818
60.28123156854545
60.322043426636476
60.362914864067534
60.40384608322003
60.444837287162834
60.48588867965459
60.5270004651461
60.56817284878264
60.60940603640633
60.6507002345585
60.692055650482075
60.73347249212395
60.77495096813738
60.81649128788438
60.85809366143814
60.89975829958543
60.94148541382903
60.98327521639015
61.0251279202109
61.06704373895671
61.1090228870188
61.15106557951664
61.193172032300424
61.235342461953564
61.27757708579516
61.31987612188251
61.36223978901362
61.404668306729725
61.4471618953178
61.48972077581309
61.53234517000168
61.57503530042302
61.617791390372474
61.66061366390393
61.703502345832334
61.7464576617363
61.78947983796069
61.83256910161923
61.8757256805971
61.91894980355359
61.9622416999247
62.005601599925775
62.04902973455419
62.092526335591955
62.13609163560842
62.17972586796294
62.22342926680753
62.267202067089606
62.31104450455466
62.35495681574896
62.3989392380223
62.442992009530705
62.48711536923917
62.53130955692443
62.57557481317769
62.619911379407405
62.66431949784207
62.708799411532986
62.753351364357044
62.79797560101956
62.84267236705708
62.88744190884018
62.93228447357633
62.97720030931273
63.022189664939134
63.06725279019076
63.11238993565111
63.157601352754895
63.20288729379091
63.24824801190493
63.29368376110262
63.33919479625248
63.38478137308873
63.430443748214294
63.47618217910374
63.52199692410622
63.56788824244847
63.613856394237764
63.65990164046494
63.70602424300735
63.75222446463192
63.79850256899816
63.84485882066117
63.89129348507472
63.93780682859426
63.984399118480034
64.0310706229001
64.07782161093346
64.12465235257311
64.1715631187292
64.2185541812321
64.26562581283554
64.31277828721976
64.36001187899464
64.40732686370288
64.45472351782314
64.50220211877324
64.54976294491333
64.59740627554912
64.64513239093507
64.69294157227763
64.74083410173844
64.78881026243762
64.83687033845699
64.88501461484336
64.93324337761179
64.98155691374889
65.02995551121612
65.07843945895308
65.1270090468809
65.17566456590546
65.22440630792084
65.27323456581264
65.32214963346134
65.37115180574565
65.420241378546
65.46941864874782
65.51868391424505
65.56803747394349
65.61747962776431
65.66701067664745
65.7166309225551
65.76634066847515
65.81614021842472
65.86602987745361
65.91600995164782
65.96608074813308
66.01624257507837
66.06649574169947
66.11684055826255
66.16727733608766
66.21780638755237
66.26842802609535
66.31914256621997
66.36995032349792
66.42085161457283
66.4718467571639
66.52293607006962
66.57411987317133
66.625398487437
66.67677223492484
66.72824143878708
66.77980642327361
66.83146751373576
66.88322503663002
66.93507931952182
66.98703069108925
67.03907948112688
67.09122602054953
67.1434706413961
67.19581367683337
67.24825546115981
67.30079632980949
67.35343661935585
67.40617666751564
67.45901681315277
67.51195739628224
67.564998758074
67.6181412408569
67.67138518812264
67.72473094452971
67.77817885590733
67.83172926925944
67.88538253276873
67.93913899580059
67.99299900890713
68.04696292383127
68.10103109351071
68.15520387208204
68.2094816148848
68.26386467846552
68.31835342058191
68.37294820020692
68.42764937753284
68.48245731397552
68.53737237217842
68.5923949160169
68.64752531060232
68.70276392228627
68.75811111866477
68.81356726858252
68.8691327421371
68.92480791068327
68.98059314683724
69.0364888244809
69.09249531876617
69.1486130061193
69.20484226424523
69.26118347213185
69.31763701005444
69.37420325958001
69.43088260357172
69.48767542619318
69.54458211291302
69.6016030505092
69.65873862707352
69.71598923201606
69.77335525606966
69.83083709129443
69.88843513108222
69.94614977016118
70.00398140460032
70.06193043181398
70.11999725056648
70.17818226097668
70.23648586452256
70.29490846404589
70.3534504637568
70.41211226923846
70.47089428745176
70.52979692673992
70.5888205968333
70.64796570885402
70.70723267532071
70.76662191015328
70.82613382867761
70.88576884763043
70.94552738516404
71.00540986085113
71.0654166956896
71.12554831210744
71.18580513396753
71.24618758657257
71.30669609666992
71.36733109245657
71.42809300358397
71.48898226116307
71.54999929776922
71.61114454744717
71.67241844571602
71.7338214295743
71.79535393750494
71.8570164094803
71.91880928696726
71.98073301293233
72.04278803184667
72.10497478969125
72.16729373396197
72.22974531367478
72.29232997937089
72.35504818312191
72.41790037853507
72.48088702075842
72.5440085664861
72.60726547396354
72.67065820299277
72.73418721493769
72.79785297272939
72.86165594087143
72.92559658544525
72.98967537411546
73.05389277613529
73.1182492623519
73.18274530521188
73.24738137876665
73.31215795867787
73.37707552222298
73.44213454830063
73.50733551743622
73.57267891178742
73.63816521514971
73.70379491296197
73.76956849231198
73.83548644194212
73.90154925225495
73.96775741531883
74.0341114248736
74.10061177633627
74.16725896680668
74.23405349507327
74.30099586161876
74.36808656862593
74.43532611998339
74.50271502129138
74.57025377986761
74.63794290475303
74.70578290671774
74.77377429826683
74.8419175936463
74.91021330884895
74.97866196162033
75.0472640714647
75.11602015965096
75.18493074921871
75.25399636498422
75.32321753354647
75.3925947832932
75.46212864440704
75.53181964887153
75.60166833047727
75.67167522482808
75.74184086934713
75.81216580328314
75.88265056771654
75.95329570556575
76.0241017615934
76.09506928241258
76.16619881649314
76.23749091416798
76.30894612763942
76.38056501098549
76.45234812016636
76.52429601303069
76.59640924932208
76.66868839068547
76.74113400067363
76.8137466447536
76.88652689031328
76.95947530666783
77.0325924650663
77.10587893869823
77.17933530270011
77.25296213416215
77.3267600121348
77.40072951763545
77.47487123365515
77.54918574516523
77.6236736391241
77.69833550448398
77.77317193219763
77.84818351522522
77.92337084854108
77.9987345291406
78.07427515604705
78.14999333031848
78.22588965505466
78.30196473540397
78.37821917857039
78.45465359382047
78.53126859249033
78.60806478799275
78.6850427958241
78.76220323357157
78.83954672092013
78.91707387965974
78.99478533369249
79.07268170903976
79.15076363384942
79.22903173840307
79.30748665512324
79.38612901858075
79.4649594655019
79.5439786347759
79.62318716746212
79.70258570679752
79.78217489820405
79.86195538929601
79.9419278298876
80.02209287200029
80.10245116987036
80.18300337995646
80.2637501609471
80.34469217376825
80.42583008159096
80.50716454983893
80.58869624619622
80.67042584061488
80.75235400532273
80.83448141483098
80.91680874594208
80.99933667775747
81.08206589168537
81.16499707144865
81.24813090309267
81.33146807499318
81.41500927786421
81.49875520476607
81.58270655111326
81.66686401468249
81.75122829562072
81.83580009645318
81.92058012209148
82.00556907984168
82.09076767941247
82.17617663292327
82.26179665491252
82.34762846234575
82.43367277462397
82.51993031359186
82.60640180354605
82.69308797124356
82.77998954591004
82.86710725924821
82.95444184544627
83.04199404118633
83.12976458565291
83.2177542205414
83.30596369006662
83.39439374097137
83.483045122535
83.57191858658207
83.66101488749094
83.75033478220246
83.83987903022873
83.92964839366175
84.01964363718226
84.10986552806845
84.20031483620488
84.29099233409124
84.38189879685132
84.47303500224184
84.56440173066146
84.6559997651597
84.74782989144603
84.83989289789878
84.93218957557431
85.02472071821609
85.11748712226375
85.21048958686237
85.30372891387152
85.39720590787462
85.4909213761881
85.58487612887072
85.67907097873288
85.77350674134595
85.86818423505171
85.96310428097166
86.05826770301655
86.15367532789581
86.24932798512707
86.3452265070457
86.44137172881437
86.5377644884327
86.6344056267468
86.73129598745903
86.8284364171377
86.92582776522671
87.02347088405544
87.12136662884848
87.21951585773546
87.31791943176096
87.41657821489437
87.51549307403988
87.61466487904637
87.7140945027175
87.81378282082167
87.91373071210214
88.0139390582871
88.11440874409983
88.21514065726892
88.31613568853837
88.41739473167793
88.51891868349333
88.62070844383659
88.72276491561641
88.82508900480852
88.92768162046607
89.03054367473017
89.13367608284028
89.2370797631448
89.34075563711163
89.4447046293387
89.5489276675647
89.65342568267967
89.75819960873574
89.86325038295786
89.9685789457546
90.07418624072892
90.18007321468906
90.28624081765943
90.3926900028915
90.49942172687477
90.60643694934781
90.71373663330925
90.82132174502888
90.92919325405875
91.0373521332443
91.14579935873559
91.25453590999851
91.36356276982605
91.47288092434954
91.58249136305008
91.69239507876986
91.80259306772362
91.91308632951004
92.0238758671233
92.13496268696458
92.24634779885368
92.35803221604053
92.47001695521695
92.58230303652829
92.69489148358518
92.80778332347526
92.92097958677505
93.03448130756175
93.14828952342518
93.26240527547965
63.7550157747621
63.769129213926924
63.783211542209884
63.797262653932336
63.811282443056655
63.825270803185035
63.83922762755824
63.8531528090544
63.86704624018777
63.880907813107484
63.89473741959633
63.90853495106951
63.92230029857336
63.936033352784136
63.94973400400672
63.9634021421734
63.97703765684256
63.99064043719745
64.00421037204488
64.01774734981396
64.03125125855482
64.0447219859373
64.05815941924968
64.07156344539737
64.08493395090163
64.09827082189824
64.1115739441362
64.12484320297642
64.1380784833904
64.15127966995891
64.16444664687066
64.17757929792097
64.19067750651041
64.20374115564351
64.21677012792738
64.22976430557033
64.2427235703806
64.25564780376493
64.2685368867272
64.28139069986712
64.29420912337878
64.30699203704933
64.31973932025755
64.33245085197254
64.34512651075221
64.35776617474201
64.37036972167344
64.38293702886267
64.39546797320915
64.40796243119418
64.42042027887946
64.43284139190571
64.44522564549122
64.45757291443043
64.46988307309245
64.48215599541965
64.49439155492621
64.50658962469667
64.51875007738444
64.53087278521035
64.5429576199612
64.55500445298826
64.5670131552058
64.57898359708963
64.59091564867556
64.60280917955794
64.61466405888814
64.62648015537309
64.63825733727371
64.64999547240346
64.66169442812674
64.67335407135742
64.68497426855733
64.69655488573464
64.7080957884424
64.71959684177699
64.73105791037649
64.74247885841922
64.75385954962212
64.7651998472392
64.77649961405996
64.78775871240782
64.79897700413856
64.81015435063867
64.8212906128238
64.83238565113717
64.84343932554793
64.8544514955496
64.86542202015836
64.87635075791157
64.88723756686599
64.89808230459627
64.90888482819325
64.91964499426231
64.93036265892178
64.94103767780123
64.95166990603983
64.96225919828466
64.97280540868907
64.98330839091102
64.99376799811134
65.00418408295207
65.01455649759478
65.02488509369886
65.0351697224198
65.04541023440748
65.0556064798045
65.06575830824437
65.07586556884986
65.08592811023124
65.0959457804845
65.10591842718966
65.11584589740902
65.1257280376853
65.13556469404003
65.14535571197165
65.1551009364538
65.16480021193354
65.17445338232949
65.18406029103014
65.19362078089196
65.20313469423766
65.21260187285432
65.2220221579916
65.23139539035992
65.24072141012861
65.25000005692411
65.25923116982804
65.26841458737546
65.27755014755293
65.28663768779668
65.29567704499075
65.3046680554651
65.31361055499372
65.32250437879273
65.33134936151855
65.34014533726594
65.34889213956609
65.35758960138473
65.36623755512021
65.37483583260156
65.38338426508656
65.3918826832598
65.40033091723072
65.40872879653169
65.41707615011602
65.425372806356
65.43361859304092
65.44181333737512
65.44995686597596
65.45804900487187
65.4660895795003
65.47407841470577
65.4820153347378
65.4899001632489
65.4977327232926
65.50551283732133
65.51324032718446
65.52091501412617
65.52853671878347
65.53610526118409
65.5436204607444
65.5510821362674
65.55849010594055
65.56584418733375
65.57314419739721
65.58038995245936
65.58758126822468
65.59471795977169
65.60179984155072
65.60882672738182
65.61579843045266
65.62271476331627
65.62957553788901
65.63638056544832
65.64312965663059
65.64982262142898
65.6564592691912
65.66303940861738
65.66956284775782
65.67602939401078
65.68243885412032
65.68879103417402
65.69508573960076
65.70132277516849
65.70750194498203
65.71362305248074
65.7196859004363
65.72569029095044
65.73163602545266
65.73752290469795
65.74335072876451
65.74911929705142
65.75482840827635
65.76047786047326
65.76606745099005
65.77159697648625
65.77706623293068
65.78247501559909
65.78782311907183
65.79311033723145
65.79833646326037
65.80350128963846
65.80860460814071
65.8136462098348
65.81862588507867
65.82354342351817
65.8283986140846
65.83319124499229
65.83792110373616
65.84258797708932
65.84719165110054
65.85173191109186
65.85620854165609
65.86062132665431
65.86497004921345
65.86925449172375
65.87347443583623
65.87762966246025
65.88171995176094
65.88574508315669
65.8897048353166
65.89359898615798
65.89742731284372
65.90118959177977
65.90488559861258
65.90851510822652
65.91207789474127
65.91557373150921
65.91900239111285
65.92236364536222
65.9256572652922
65.9288830211599
65.93204068244206
65.93513001783236
65.93815079523878
65.9411027817809
65.94398574378724
65.9467994467926
65.94954365553532
65.9522181339546
65.95482264518779
65.95735695156765
65.9598208146196
65.96221399505905
65.96453625278853
65.96678734689506
65.96896703564728
65.97107507649274
65.97311122605504
65.9750752401311
65.97696687368833
65.97878588086175
65.98053201495127
65.98220502841876
65.98380467288528
65.98533069912818
65.98678285707823
65.98816089581672
65.98946456357268
65.99069360771988
65.99184777477394
65.99292681038948
65.9939304593571
65.99485846560053
65.99571057217364
65.9964865212575
65.99718605415738
65.99780891129986
65.99835483222975
65.99882355560715
65.99921481920443
65.99952835990321
65.99976391369134
65.99992121565987
66.0
66.0
