36.45222395456845
36.494680967855004
36.53330397941795
36.568084652320074
36.59901463149599
36.62608554371277
36.649288997530405
36.66861658326223
36.68405987293523
36.69561042025031
36.70325976054242
36.71090183572307
36.71853662998088
36.72616412747007
36.73378431231038
36.74139716858697
36.74900268035039
36.75660083161645
36.76419160636621
36.771774988545836
36.779350962066566
36.78691951080463
36.79448061860116
36.80203426926213
36.80958044655826
36.81711913422495
36.824650315962224
36.83217397543461
36.839690096271084
36.84719866206501
36.85469965637404
36.86219306272004
36.86967886458901
36.87715704543102
36.884627588660116
36.89209047765425
36.899545695755194
36.906993226268476
36.914433052463295
36.92186515757242
36.929289524792146
36.936706137282194
36.94411497816563
36.9515160305288
36.95890927742123
36.96629470185556
36.97367228680747
36.981042015215586
36.9884038699814
36.99575783396917
37.0031038900059
37.01044202088121
37.01777220934725
37.02509443811864
37.0324086898724
37.039714947247816
37.04701319284642
37.05430340923186
37.061585578929865
37.0688596844281
37.076125708176136
37.08338363258535
37.090633440028846
37.09787511284135
37.10510863331916
37.112333983720035
37.11955114626312
37.126760103128866
37.13396083645895
37.14115332835617
37.14833756088439
37.15551351606844
37.16268117589401
37.1698405223076
37.17699153721642
37.184134202488316
37.19126849995164
37.19839441139523
37.20551191856827
37.212621003180246
37.219721646900815
37.226813831359756
37.23389753814686
37.24097274881186
37.24803944486434
37.25509760777363
37.26214721896873
37.26918825983824
37.27622071173025
37.283244555952244
37.29025977377105
37.297266346412705
37.3042642550624
37.31125348086437
37.318234004921834
37.325205808296865
37.33216887201033
37.339123177041785
37.34606870432941
37.353005434769884
37.35993334921831
37.36685242848813
37.373762653351044
37.38066400453688
37.387556462733556
37.39444000858693
37.401314622700774
37.408180285636625
37.415036977913715
37.421884680008894
37.428723372356515
37.43555303534835
37.442373649333504
37.44918519461831
37.45598765146624
37.46278100009782
37.46956522069053
37.4763402933787
37.48310619825343
37.48986291536251
37.496610424710276
37.503348706257576
37.510077739921634
37.51679750557597
37.52350798305031
37.53020915213047
37.53690099255827
37.54358348403147
37.55025660620362
37.556920338683994
37.56357466103751
37.57021955278458
37.57685499340107
37.58348096231818
37.59009743892233
37.5967044025551
37.60330183251309
37.60988970804786
37.6164680083658
37.62303671262806
37.62959579995043
37.636145249403256
37.64268504001134
37.64921515075381
37.65573556056408
37.6622462483297
37.66874719289227
37.67523837304735
37.681719767544344
37.688191355086424
37.6946531143304
37.70110502388663
37.707547062318945
37.7139792081445
37.72040143983371
37.726813735810126
37.73321607445035
37.73960843408392
37.745990792993226
37.75236312941337
37.758725421532105
37.76507764748971
37.771419785378896
37.777751813244684
37.784073709084325
37.79038545084719
37.796687016434646
37.80297838369998
37.80925953044827
37.815530434436305
37.82179107337245
37.82804142491658
37.834281466679926
37.84051117622501
37.84673053106552
37.8529395086662
37.85913808644277
37.86532624176177
37.87150395194052
37.877671194246936
37.8838279458995
37.889974184067086
37.896109885868896
37.90223502837433
37.90834958860289
37.91445354352406
37.92054687005721
37.926629545071464
37.93270154538563
37.938762847768054
37.94481342893651
37.95085326555814
37.956882334249265
37.96290061157534
37.96890807405082
37.97490469813904
37.98089046025212
37.98686533675083
37.99282930394452
37.998782338090955
38.00472441539625
38.01065551201473
38.016575604048825
38.02248466754896
38.02838267851343
38.03426961288831
38.040145446567315
38.0460101553917
38.05186371515014
38.05770610157863
38.06353729036035
38.06935725712557
38.075165977451505
38.08096342686224
38.08674958082859
38.092524414767965
38.098287904044305
38.10404002396792
38.10978074979539
38.11551005672945
38.12122791991886
38.1269343144583
38.13262921538827
38.13831259769491
38.143984436309964
38.149644706110585
38.15529338191928
38.16093043850374
38.166555850576756
38.17216959279609
38.17777163976434
38.18336196602883
38.18894054608152
38.19450735435882
38.20006236524153
38.20560555305469
38.21113689206746
38.216656356493
38.222163920488356
38.227659558154336
38.23314324353538
38.238614950619436
38.24407465333785
38.24952232556522
38.254957941119315
38.2603814737609
38.26579289719365
38.271192185063995
38.27657931096103
38.28195424841637
38.287316970904016
38.292667451840245
38.29800566458349
38.30333158243419
38.30864517863469
38.31394642636909
38.31923529876315
38.32451176888412
38.32977580974066
38.33502739428267
38.34026649540119
38.34549308592826
38.35070713863681
38.35590862624049
38.36109752139359
38.36627379669087
38.37143742466746
38.376588377798726
38.38172662850011
38.38685214912704
38.39196491197476
38.397064889278255
38.40215205321206
38.40722637589016
38.41228782936586
38.41733638563162
38.42237201661898
38.42739469419838
38.43240439017903
38.43740107630882
38.44238472427412
38.4473553056997
38.45231279214859
38.4572571551219
38.46218836605875
38.46710639633608
38.47201121726855
38.4769028001084
38.48178111604529
38.48664613620619
38.49149783165523
38.49633617339358
38.50116113235928
38.50597267942713
38.51077078540856
38.51555542105145
38.52032655704005
38.525084163994784
38.529828212472154
38.53455867296458
38.539275515900265
38.543948854570424
38.5485785943511
38.553164640412525
38.55770689771869
38.56220527102686
38.56665966488717
38.571069983642126
38.575436131426194
38.57975801216533
38.58403552957652
38.588268587167335
38.59245708823548
38.59660093586832
38.60070003294245
38.6047542821232
38.608763585864224
38.61272784640698
38.61664696578032
38.6205208458
38.62434938806823
38.6281324939732
38.631870064688606
38.63556200117322
38.63920820417038
38.64280857420754
38.64636301159582
38.649871416429484
38.653333688585526
38.65674972772316
38.66011943328336
38.66344270448838
38.66671944034129
38.66994953962548
38.673132900904186
38.67626942252004
38.67935900259456
38.682401539027666
38.68539692949722
38.688345071458535
38.69124586214387
38.694099198561986
38.696904977497624
38.69966309551103
38.70237344893747
38.70503593388675
38.70765044624269
38.71021688166267
38.71273513557713
38.71520510318906
38.71762667947351
38.71999975917712
38.722324236817585
38.724600006683175
38.726826962832256
38.729004999092744
38.73113400906164
38.73321388610453
38.73524452335505
38.73722581371441
38.739157649850874
38.74103992419927
38.742872528960454
38.744655356100836
38.746388297351835
38.7480712442094
38.749704087933466
38.75128671954747
38.75281902983783
38.754300909353404
38.75573224840501
38.75711293706488
38.75844286516616
38.759721922302376
38.76094999782692
38.76212698085253
38.763252760250765
38.764327224651474
38.765350262442276
38.76632176176803
38.76724161053032
38.768109696386894
38.76892590675118
38.76969012879171
38.77040224943162
38.77106215534809
38.77166973297184
38.772224868486546
38.772727447828366
38.77317735668535
38.77357448049693
38.77391870445336
38.77420991349517
38.77444799231266
38.77463282534531
38.774764296781264
38.774842290556784
38.77486669035567
38.774837379608755
38.77475424149332
38.774617158932564
38.774426014595036
38.77418069089409
38.77388106998734
38.77352703377607
38.773118463904716
38.77265524176029
38.77213724847181
38.77156436490975
38.77093647168549
38.77025344915072
38.76951517739692
38.76872153625474
38.767872405293474
38.76696766382048
38.76600719088061
38.764990865255626
38.763918565463655
38.762790169758595
38.761605556129545
38.76036460230023
38.75906718572842
38.75771318360536
38.75630247285518
38.75483493013433
38.753310431830975
38.75172885406443
38.75009007268457
38.74839396327124
38.74664040113367
38.74482926130989
38.742960418566135
38.741033747396266
38.73904912202115
38.73700641638809
38.734905504170236
38.732746258765964
38.73052855329829
38.72825226061429
38.72591725328446
38.72352340360214
38.721070583582915
38.71855866496401
38.71598751920366
38.71335701748054
38.71066703069312
38.707917429459094
38.70510808411473
38.70223886471428
38.69930964102939
38.69632028254841
38.69327065847588
38.69016063773182
38.68699008895117
38.68375888048315
38.68046688039062
38.6771139564495
38.67369997614813
38.670224806686605
38.6666883149762
38.663090367638716
38.65943083100586
38.65570957111861
38.651926453726574
38.648081344287384
38.64417410796602
38.640204609634225
38.636172713869804
38.63207828495604
38.62792118688102
38.62370128333701
38.61941843771982
38.61507251312813
38.610663372362865
38.60619087792654
38.6016548920226
38.620788113912646
38.6399091880989
38.65901808815882
38.67811478761241
38.697199259922066
38.71627147849247
38.73533141667046
38.7543790477449
38.773414344946545
38.79243728144795
38.81144783036329
38.83044596474827
38.8494316576
38.86840488185685
38.88736561039831
38.90631381604492
38.92524947155809
38.94417254963996
38.96308302293332
38.98198086402144
39.00086604542796
39.01973853961678
39.03859831899188
39.05744535589722
39.07627962261663
39.09510109137363
39.11390973433132
39.13270552359228
39.15148843119838
39.17025842913071
39.189015489309405
39.20775958359351
39.226490683780874
39.24520876160802
39.26391378874997
39.28260573682014
39.30128457737021
39.319950281889994
39.33860282180728
39.35724216848771
39.375868293234646
39.39448116728905
39.413080761829306
39.43166704797112
39.450239996767365
39.46879957920797
39.48734576621974
39.50587852866627
39.52439783734777
39.54290366300094
39.561395976298826
39.57987474785068
39.59833994820185
39.616791547833586
39.63522951716296
39.653653826542694
39.67206444626102
39.69046134654155
39.70884449754311
39.72721386935965
39.74556943202006
39.76391115548803
39.782239009661936
39.80055296437467
39.81885298939352
39.83713905442
39.85541112908973
39.87366918297229
39.89191318557107
39.910143106323126
39.92835891459903
39.94656057970275
39.964748070871465
39.98292135727548
40.00108040801801
40.01922519213509
40.037355678595375
40.05547183630004
40.07357363408265
40.091661040708935
40.10973402487671
40.127792555215706
40.14583660028742
40.16386612858496
40.181881108532906
40.19988150848718
40.21786729673486
40.23583844149403
40.25379491091368
40.27173667307351
40.28966369598378
40.30757594758518
40.32547339574866
40.34335600827529
40.36122375289613
40.37907659727202
40.396914508993476
40.414737455580514
40.43254540448251
40.450338323078036
40.46811617867472
40.48587893850907
40.50362656974634
40.52135903948035
40.53907631473338
40.55677836245596
40.57446514952672
40.59213664275229
40.60979280886705
40.62743361453307
40.64505902633988
40.662669010804365
40.68026353437056
40.69784256340954
40.7154060642192
40.73295400302416
40.75048634597556
40.768003059150914
40.785504108553965
40.80298946011452
40.82045907968825
40.8379129330566
40.855350985926556
40.87277320393052
40.89017955262616
40.9075699974962
40.924944503948325
40.94230303731494
40.959645562853076
40.97697204574419
40.994282451093994
41.01157674393231
41.0288548892129
41.046116851813295
41.06336259653463
41.0805920881015
41.097805291161755
41.115002170286346
41.13218268996918
41.149346814626924
41.166494508598866
41.1836257361467
41.20074046145443
41.21783864862811
41.23492026169576
41.25198526460716
41.26903362123364
41.286065295367976
41.3030802507242
41.320078450937395
41.33705985956357
41.35402444007944
41.37097215588232
41.38790297028988
41.40481684654001
41.42171374779064
41.43859363711957
41.455456477524294
41.47230223192182
41.4891308631485
41.50594233395986
41.522736607030396
41.539513644953445
41.55627341024096
41.57301586532337
41.589740972549386
41.606448694185815
41.6231389924174
41.63981182934665
41.65646716699361
41.673104967295735
41.689725192107694
41.7063278032012
41.722912762264784
41.73948003090367
41.756029570639576
41.77256134291051
41.789075309070626
41.80557143038999
41.82204966805447
41.83850998316548
41.85495233673984
41.871376689709564
41.887783002921715
41.904171237138186
41.92054135303551
41.93689331120471
41.9532270721511
41.96954259629407
41.985839843966914
42.00211877541666
42.01837935080388
42.03462153020249
42.05084527359955
42.067050540895096
42.083237291901945
42.09940548634552
42.11555508386363
42.1316860440063
42.14779832623556
42.16389188992528
42.179966694360964
42.19602269873957
42.2120598621693
42.228078143669386
42.24407750216997
42.26005789651184
42.27601928544626
42.29196162763479
42.307884881649066
42.32378900597061
42.33967395899066
42.35553969900993
42.37138618423844
42.38721337279533
42.40302122270863
42.41880969191509
42.43457873825995
42.4503283194968
42.46605839328731
42.481768917201066
42.49745984871537
42.51313114521504
42.5287827639922
42.544414662246076
42.560026797082806
42.57561912551524
42.5911916044627
42.60674419075083
42.622276841111365
42.637789512181946
42.65328216050586
42.668754742531895
42.68420721461411
42.69963953301164
42.71505165388846
42.73044353331323
42.745815127259036
42.7611663916032
42.776497282127096
42.791807754515894
42.807097764358396
42.8223672671468
42.8376162182765
42.85284457304587
42.86805228665606
42.88323931421078
42.8984056107161
42.913551131080176
42.92867583011315
42.94377966252684
42.95886258293457
42.973924545850934
42.98896550569161
43.00398541677311
43.01898423331261
43.03396190942767
43.04891839913607
43.06385365635558
43.078767634903755
43.09366028849766
43.10853157075372
43.12338143518747
43.138209835213345
43.153016724144436
43.167802055192304
43.182565781466735
43.19730785597554
43.21202823162429
43.22672686121615
43.24140369745162
43.25605869292833
43.2706918001408
43.28530297148021
43.299892159234226
43.31445931558668
43.32900439261747
43.3435273423022
43.358028116512074
43.37250666701358
43.386962945468305
43.40139690343269
43.41580849235783
43.43019766358921
43.44456436836647
43.458908557823236
43.47323018298681
43.487529194778
43.50180554401086
43.51605918139244
43.530290057522606
43.54449812289377
43.55868332789064
43.57284562279004
43.58698495776062
43.60110128286266
43.6151945480478
43.62926470315885
43.6433116979295
43.65733548198411
43.67133600483751
43.68531321589466
43.699267064450524
43.71319749968975
43.72710447068649
43.7409879264041
43.75484781569495
43.76868408730014
43.782496689849296
43.79628557186032
43.810050681739106
43.82379196777937
43.83750937816232
43.851202860956505
43.86487236411747
43.8785178354876
43.89213922279581
43.90573647365734
43.919309535573476
43.93285835593134
43.94638288200359
43.95988306094823
43.973358839808306
43.986810165511685
44.000236984870796
44.0136392445824
44.02701689122731
44.04036987127015
44.053698131059114
44.06700161682567
44.08028027468437
44.093534050632556
44.106762890550094
44.119966740199146
44.13314554522391
44.14629925115037
44.15942780338599
44.17253114721953
44.18560922782072
44.19866199024007
44.21168937940853
44.2246913401373
44.23766781711753
44.25061875492008
44.26354409799524
44.27644379067249
44.2893177771602
44.302166001545416
44.31498840779356
44.32778493974816
44.34055554113064
44.35330015554
44.366018726452545
44.37871119722166
44.39137751107752
44.40401761112681
44.416631440352496
44.4292189416135
44.44178005764447
44.454314731055504
44.46682290433187
44.47930451983374
44.49175951979592
44.504187846327575
44.51658944141195
44.528964246906106
44.54131220454064
44.55363325591941
44.565927342519245
44.578194405689715
44.5904343866528
44.60264722650265
44.614832866205276
44.6269912465983
44.639122308390654
44.65122599216231
44.66330223836402
44.67535098731698
44.687372179212616
44.69936575411224
44.71133165194683
44.72326981251666
44.73518017549111
44.74706268040832
44.75891726667493
44.770743873565785
44.78254244022366
44.79431290565894
44.80605520874938
44.817769288239774
44.82945508274169
44.84111253073317
44.85274157055845
44.86434214042767
44.875914178416544
44.88745762246614
44.89897241038251
44.91045847983645
44.92191576836319
44.93334421336208
44.944743752096336
44.956114321692695
44.96745585914115
44.97876830129464
44.99005158486879
45.00130564644153
45.01253042245287
45.02372584920459
45.03489186285988
45.046028399443124
45.05713539483954
45.068212784794895
45.079260504915204
45.09027849066642
45.101266677374134
45.11222500022326
45.12315339425775
45.134051794380255
45.14492013535185
45.15575835179173
45.16656637817685
45.17734414884167
45.188091597977824
45.198808659633805
45.209495267714665
45.220151355981685
45.230776858052096
45.24137170739872
45.251935837349706
45.262469181088164
45.272971671651895
45.28344324193304
45.29388382467779
45.30429335248604
45.314671757811105
45.32501897295937
45.335334930090006
45.3456195612146
45.35587279819688
45.36609457275236
45.37628481644805
45.38644346070212
45.39657043678354
45.40666567581182
45.41672910875664
45.42676066643754
45.43676027952358
45.44672787853304
45.45666339383305
45.46656675563931
45.476437894015746
45.486276738874125
45.49608321997381
45.50585726692138
45.5155988091703
45.5253077760206
45.53498409661852
45.544627699956216
45.55423851487138
45.56381647004692
45.573361494010655
45.58287351513492
45.592352461636274
45.60179826157513
45.61121084285544
45.62059013322435
45.62993606027184
45.63924855143041
45.64852753397473
45.65777293502126
45.666984681527964
45.676162700293915
45.68530691795898
45.69441726100349
45.70349365574782
45.71253602835213
45.721544304815964
45.73051841097791
45.73945827251525
45.748363814943616
45.75723496361663
45.76607164372557
45.77487378029898
45.78364129820236
45.79237412213778
45.80107217664353
45.80973538609378
45.8183636746982
45.82695696650162
45.83551518538367
45.8440382550584
45.85252609907396
45.86097864081219
45.8693958034883
45.87777751015049
45.886123683679564
45.89443424678863
45.90270912202265
45.91094823175816
45.919151498202844
45.92731884339517
45.93545018920407
45.94354545732851
45.95160456929717
45.95962744646803
45.96761401002805
45.97556418099275
45.98347788020585
45.99135502833892
45.99919554589099
46.00699935318816
46.01476637038323
46.022496517455345
46.030189714209605
46.03784588027668
46.045464935112435
46.05304679799754
46.060591388037096
46.06809862416028
46.075568425119904
46.083000709492104
46.090395395675884
46.09775240189278
46.10507164618644
46.11235304642227
46.11959652028704
46.12680198528847
46.13396935875487
46.14109855783471
46.14818949949628
46.15524210052728
46.162256277534404
46.16923194694296
46.17616902499648
46.183067427756356
46.189927071101366
46.19674787072734
46.20352974214676
46.21027260068833
46.216976361496585
46.223640939531506
46.23026624956812
46.23685220619607
46.243398723819226
46.2499057166553
46.25637309873542
46.26280078390374
46.269188685817
46.27553671794415
46.28184479356594
46.2881128257745
46.29434072747292
46.300528411374884
46.306675790004185
46.31278277569439
46.31884928058837
46.3248752166379
46.33086049560326
46.336805029052805
46.342708728362545
46.34857150471573
46.35439326910243
46.36017393231913
46.365913404968275
46.37161159745788
46.37726842000109
46.382883782615764
46.38845759512406
46.39398976715197
46.39948020812894
46.40492882728743
46.41033553366245
46.415700236091176
46.42102284321251
46.42630326346663
46.43154140509457
46.43673717613779
46.441890484437735
46.44700123763541
46.45206934317093
46.457094708283094
46.46207724000894
46.46701684518331
46.471913430438406
46.476766902203366
46.481577166703794
46.486344129961346
46.491067697793255
46.495747775811914
46.50038426942443
46.50497708383216
46.509526124030266
46.514031294807296
46.51849250074468
46.52290964621632
46.52728263538814
46.53161137221761
46.535895760453315
46.54013570363449
46.544331105090556
46.54848186794069
46.55258789509333
46.55664908924576
46.56066535288361
46.56463658828042
46.568562697497185
46.572443582381865
46.57627914456895
46.58006928547896
46.583813906318035
46.587512908077414
46.59116619153299
46.59477365724484
46.598335205556786
46.60185073659586
46.60532015027187
46.60874334627697
46.61212022408508
46.61545068295152
46.618734621912466
46.62197193978451
46.62516253516414
46.628306306427326
46.63140315172899
46.63445296900252
46.63745565595933
46.64041111008835
46.64331922865555
46.64617990870344
46.64899304705059
46.65175854029116
46.65447628479441
46.65714617670419
46.659768111938455
46.66234198618879
46.664867694919906
46.66734513336914
46.66977419654597
46.67215477923153
46.67448677597809
46.67677008110856
46.67900458871602
46.68119019266319
46.68332678658194
46.685414263872794
46.68745251770441
46.689441441013095
46.69138092650228
46.69327086664204
46.69511115366854
46.696901679583604
46.69864233615412
46.70033301491158
46.70197360715155
46.703564003933174
46.705104096078635
46.70659377417265
46.70803292856197
46.709421449354835
46.710759226420485
46.71204614938861
46.713282107648844
46.714466990350246
46.71560068640076
46.71668308446673
46.71771407297231
46.71869354009902
46.71962137378512
46.720497461725174
46.721321691369475
46.722093949923504
46.72281412434742
46.72348210135552
46.72409776741571
46.724661008748924
46.725171711328684
46.72562976088045
46.72603504288117
46.72638744255868
46.72668684489119
46.726933134606746
46.72712619618267
46.727265913845
46.72735217156801
46.727384853073566
46.72736384183066
46.727289021054816
46.72716027370755
46.72697748249581
46.726740529871456
46.72644929803065
46.726103668913346
46.72570352420271
46.725248745324556
46.72473921344683
46.72417480947898
46.72355541407145
46.72288090761509
46.72215117024061
46.72136608181798
46.72052552195591
46.71962937000125
46.718677505038414
46.71766980588884
46.71660615111039
46.715486418996804
46.71431048757708
46.71307823461496
46.7117895376083
46.71044427378851
46.70904232012
46.70758355329955
46.70606784975577
46.70449508564848
46.702865136868176
46.70117787903539
46.69943318750015
46.69763093734134
46.69577100336616
46.69385326010951
46.691877581833396
46.68984384252635
46.68775191590282
46.6856016754026
46.68339299419018
46.681125745154205
46.67879980090686
46.67641503378323
46.67397131584075
46.67146851885858
46.66890651433698
46.666285173496746
46.663604367278545
46.66086396634237
46.65806384106689
46.655203861548834
46.652283897602395
46.64930381875862
46.64626349426477
46.64316279308375
46.6400015838934
46.63677973508598
46.63349711476749
46.63015359075707
46.626749030586325
46.62328330149878
46.6197562704492
46.616167804102986
46.61251776883552
46.60880603073154
46.605032455584556
46.601196908896135
46.59729925587532
46.593339361438
46.58931709020624
46.585232306507656
46.58108487437478
46.57687465754442
46.572601519457
46.56826532325593
46.56386593178695
46.559403207597484
46.55487701293602
46.55028720975141
46.54563365969226
46.54091622410625
46.53613476403949
46.53128914023587
46.526379213136394
46.521404842878525
46.51636588929552
46.51126221191578
46.506093669962155
46.50086012235135
46.49556142769317
46.49019744428991
46.48476803013568
46.47927304291572
46.473712340005726
46.46808577847119
46.462393215066726
46.456634506235375
46.450809508107966
46.44491807650238
46.43896006692293
46.43293533455962
46.42684373428752
46.420685120666036
46.41445934793824
46.408166270030186
46.401805740550216
46.39537761278826
46.388881739715174
46.382317973982005
46.37568616791932
46.368986173536506
46.36221784252107
46.355381026237936
46.34847557572875
46.341501341711165
46.33445817457815
46.32734592439729
46.32016444091004
46.312913573531056
46.30559317134747
46.29820308311817
46.2907431572731
46.28321324191255
46.2756131848064
46.26794283339346
46.260202034780704
46.25239063574254
46.24450848272015
46.236555421820704
46.22853129881665
46.22043595914501
46.212269247906605
46.20403100986537
46.19572108944759
46.187339330741175
46.17888557749494
46.17035967311783
46.16176146067822
46.15309078290316
46.144347482177636
46.1355314005438
46.12664237970025
46.11768026100129
46.108644885456165
46.0995360937283
46.09035372613458
46.08109762264458
46.0717676228798
46.06236356611291
46.052885291266996
46.04333263691483
46.03370544127806
46.024003542226446
46.014226777277145
46.004374983593905
45.99444799798629
45.984445656908946
45.97436779646079
45.96421425238427
45.95398486006455
45.943679454528784
45.93329787044529
45.92283994212279
45.91230550350964
45.90169438819303
45.89100642939819
45.88024145998763
45.86939931246032
45.85847981895092
45.84748281122899
45.83640812069819
45.82525557839547
45.81402501499029
45.802716260783825
45.79132914570813
45.7798634993254
45.7683191508271
45.756695929033185
45.744993662391316
45.733212178976004
45.72135130648783
45.70941087225263
45.69739070322066
45.68529062596581
45.67311046668476
45.66085005119615
45.648509204939806
45.63608775297587
45.62358551998398
45.611002330262494
45.59833800772756
45.585592375912384
45.57276525796634
45.559856476654154
45.546865854355076
45.53379321306202
45.52063837438073
45.50740115952897
45.49408138933561
45.480678884239865
45.467193464290375
45.4536249491444
45.439973158066955
45.426237909929945
45.41241902321134
45.398516315994286
45.384529605966264
45.37045871041823
45.356303446243736
45.34206362993809
45.32773907759747
45.313329604918074
45.298835027195224
45.28425515932252
45.26958981579095
45.25483881068803
45.240001957696904
45.22507907009549
45.210069960755575
45.194974442141955
45.17979232631152
45.1645234249124
45.149167549183055
45.13372450995138
45.118194117633834
45.10257618223453
45.08687051334433
45.07107692013997
45.05519521138314
45.0392251954196
45.02316668017823
45.00701947317019
44.99078338148796
44.974458211804446
44.95804377037207
44.941539863021866
44.92494629516254
44.908262871779556
44.89148939743424
44.87462567626283
44.85767151197555
44.84062670785572
44.823491066758784
44.8062643911114
44.7889464829105
44.77153714372236
44.754036174681694
44.73644337649064
44.7187585494179
44.70098149329773
44.683112007529054
44.66514989107447
44.64709494245933
44.628946959770786
44.61070574065681
44.592371082325286
44.573942781543
44.55542063463473
44.53680443748224
44.51809398552336
44.49928907375097
44.48038949671209
44.46139504850687
44.44230552278763
44.42312071275787
44.40384041117133
44.384464410330985
44.36499250208806
44.345424477841064
44.325760128534796
44.305999244659375
44.286141616249225
44.2661870328821
44.246135283678086
44.2259861572986
44.20573944194541
44.185394925359624
44.16495239482067
44.14441163714534
44.12377243868673
44.10303458533326
44.08219786250767
44.061262055165976
44.040226947796505
44.019092324418814
43.99785796858273
43.97652366336729
43.95508919137973
43.93355433475446
43.91191887515205
43.89018259375814
43.8683452712825
43.846406687957916
43.82436662353919
43.80222485730209
43.77998116804233
43.75763533407448
43.735187133230944
43.71263634286094
43.6899827398294
43.66722610051595
43.644366200813835
43.62140281612888
43.59833572137841
43.57516469099022
43.551889498901446
43.528509918557575
43.50502572291133
43.481436684421595
43.45774257505238
43.43394316627169
43.4100382290505
43.386027533861636
43.3619108506787
43.337687948974995
43.31335859772244
43.288922565390465
43.26437961994491
43.23972952884695
43.21497205905201
43.19010697700862
43.165134048657336
43.14005303942967
43.1148637142469
43.08956583751906
43.06415917314375
43.03864348450505
43.01301853447242
42.98728408539955
42.96143989912325
42.935485736962335
42.90942135971649
42.883246527665136
42.856961000566315
42.83056453765553
42.80405689764466
42.77743783872072
42.75070711854485
42.723864494251075
42.69690972244518
42.66984255920359
42.642662760072184
42.61537008006518
42.58796427366394
42.560445094815826
42.532812296933024
42.505065632891416
42.477204855029385
42.44922971514666
42.42113996450311
42.392935353817634
42.36461563326693
42.33618055248433
42.307629860558635
42.2789633060329
42.25018063690328
42.221281600617814
42.192265944075245
42.16313341362383
42.13388375506014
42.104516713627845
42.07503203401654
42.045429460360495
42.0157087362375
41.98586960466763
41.95591180811201
41.92583508847166
41.89563918708619
41.86532384473267
41.834888801624345
41.80433379740943
41.77365857116986
41.742862861420114
41.711946406105916
41.68090894260304
41.64975020771604
41.61846993767704
41.587067868144466
41.555543734201805
41.52389727035636
41.49212821053798
41.46023628809782
41.42822123580709
41.396082785855754
41.36382066985133
41.331434618817546
41.29892436319315
41.26628963283057
41.23353015699468
41.2006456643615
41.16763588301694
41.13450054045549
41.10123936357895
41.067852078695125
41.03433841151656
41.00069808715921
40.96693083014119
40.93303636438141
40.89901441319833
40.86486469930864
40.830586944825924
40.79618087125938
40.76164619951249
40.726982649881705
40.69218994205512
40.657267795111174
40.62221592751728
40.58703405712855
40.55172190118641
40.51627917631732
40.48070559853137
40.44500088322101
40.409164745159664
40.37319689850038
40.33709705677451
40.30086493289034
40.26450023913173
40.22800268715676
40.19137198799639
40.154607852053054
40.117709989099325
40.080678108276544
40.04351191809343
40.00621112642472
39.96877544050979
39.931204566951244
39.89349821171358
39.91640995175315
39.93932085912921
39.96223093191838
39.985140168192835
40.00804856602031
40.03095612346405
40.05386283858286
40.076768709431036
40.0996737340584
40.122577910510245
40.145481236827365
40.16838371104603
40.19128533119797
40.21418609531035
40.237086001405814
40.25998504750241
40.282883231613624
40.30578055174834
40.328677005910855
40.351572592100844
40.37446730831337
40.39736115253886
40.42025412276312
40.443146216967264
40.466037433127774
40.488927769216446
40.511817223200396
40.534705793042036
40.557593476699076
40.58048027212451
40.6033661772666
40.62625119006888
40.649135308470115
40.67201853040432
40.694900853800746
40.71778227658384
40.74066279667327
40.76354241198389
40.78642112042575
40.80929891990406
40.83217580831919
40.85505178356668
40.87792684353718
40.90080098611649
40.923674209185506
40.94654651062026
40.969417888291844
40.99228834006645
41.01515786380535
41.03802645736486
41.06089411859634
41.0837608453462
41.106626635455875
41.12949148676181
41.15235539709545
41.17521836428323
41.19808038614657
41.220941460501855
41.243801585160426
41.26666075792857
41.2895189766075
41.312376238993366
41.33523254287721
41.35808788604498
41.3809422662775
41.40379568135049
41.426648129034504
41.449499607094964
41.47235011329213
41.49519964538108
41.51804820111171
41.54089577822873
41.563742374471616
41.586587987574646
41.60943261526685
41.63227625527202
41.65511890530868
41.67796056309011
41.70080122632427
41.72364089271385
41.746479559956235
41.76931722574348
41.79215388776231
41.81498954369411
41.837824191214914
41.860657827995375
41.88349045170078
41.90632205999101
41.92915265052056
41.951982220938476
41.9748107688884
41.99763829200853
42.02046478793159
42.04329025428484
42.066114688690085
42.088938088763605
42.11176045211619
42.1345817763531
42.15740205907409
42.18022129787333
42.203039490339464
42.22585663405555
42.24867272659908
42.271487765541934
42.29430174845038
42.31711467288508
42.339926536401066
42.36273733654769
42.385547070868675
42.40835573690206
42.43116333218019
42.45396985422972
42.47677530057159
42.499579668721005
42.52238295618744
42.54518516047462
42.567986279080486
42.59078630949722
42.6135852492112
42.636383095703
42.65917984644738
42.68197549891325
42.704770050563695
42.72756349885592
42.75035584124128
42.77314707516522
42.79593719806729
42.81872620738114
42.84151410053447
42.86430087494905
42.8870865280407
42.909871057219256
42.93265445988859
42.955436733446554
42.97821787528501
43.00099788278979
43.02377675334068
43.04655448431141
43.06933107306966
43.092106516977026
43.114880813389
43.13765395965497
43.1604259531182
43.18319679111582
43.20596647097881
43.228734990031974
43.251502345593956
43.27426853497719
43.29703355548791
43.31979740442612
43.342560079085594
43.36532157675386
43.388081894712165
43.41084103023549
43.43359898059251
43.4563557430456
43.47911131485081
43.50186569325785
43.52461887551007
43.547370858844474
43.57012164049166
43.59287121767583
43.61561958761479
43.63836674751991
43.66111269459613
43.683857426041904
43.70660093904925
43.72934323080368
43.752084298484206
43.77482413926333
43.79756275030702
43.8203001287747
43.843036271819216
43.86577117658687
43.88850484021734
43.91123725984371
43.933968432592444
43.95669835558337
43.97942702592966
44.00215444073781
44.02488059710765
44.047605492132284
44.07032912289813
44.09305148648486
44.1157725799654
44.13849240040592
44.161210944865815
44.183928210397674
44.2066441940473
44.229358892853654
44.25207230384886
44.2747844240582
44.29749525050006
44.32020478018596
44.34291301012051
44.3656199373014
44.38832555871939
44.411029871358274
44.433732872194895
44.45643455819911
44.47913492633377
44.50183397355472
44.524531696810755
44.54722809304364
44.56992315918808
44.59261689217168
44.61530928891495
44.63800034633131
44.66069006132703
44.683378430801234
44.70606545164589
44.728751120745784
44.75143543497851
44.774118391214444
44.79679998631673
44.819480217141276
44.84215908053672
44.86483657334442
44.887512692398445
44.910187434525554
44.93286079654516
44.95553277526933
44.97820336750279
45.00087257004287
45.0235403796795
45.046206793195196
45.06887180736504
45.09153541895667
45.11419762473025
45.13685842143848
45.15951780582654
45.18217577463209
45.20483232458527
45.227487452408646
45.250141154817236
45.272793428518455
45.295444270212116
45.318093676590415
45.340741644337896
45.36338817013146
45.38603325064031
45.408676882525974
45.431319062442256
45.453959787035245
45.476599052943264
45.49923685679689
45.52187319521891
45.5445080648243
45.56714146222023
45.58977338400602
45.61240382677315
45.635032787105224
45.65766026157794
45.680286246759096
45.70291073920856
45.725533735478265
45.74815523211217
45.77077522564624
45.793393712608456
45.81601068951877
45.83862615288909
45.86124009922329
45.88385252501713
45.90646342675832
45.92907280092643
45.95168064399289
45.974286952421
45.99689172266588
46.019494951174465
46.04209663438549
46.06469676872945
46.087295350628594
46.10989237649692
46.13248784274014
46.15508174575565
46.177674081932544
46.20026484765155
46.22285403928507
46.24544165319709
46.26802768574322
46.29061213327065
46.31319499211813
46.335776258615944
46.35835592908591
46.380933999841346
46.40351046718706
46.426085327419315
46.44865857682582
46.471230211685715
46.493800228269535
46.51636862283921
46.53893539164804
46.56150053094065
46.58406403695301
46.606625905912395
46.62918613403735
46.651744717537696
46.674301652614496
46.69685693546004
46.71941056225783
46.74196252918253
46.76451283239999
46.78706146806719
46.80960843233225
46.832153721334365
46.85469733120384
46.87723925806201
46.89977949802129
46.92231804718509
46.944854901647815
46.96739005749486
46.989923510802576
47.01245525763825
47.034985294060085
47.05751361611718
47.0800402198495
47.10256510128787
47.12508825645395
47.1476096813602
47.170129372009875
47.192647324397
47.215163534506345
47.2376779983134
47.26019071178436
47.282701670876115
47.3052108715362
47.32771830970279
47.35022398130469
47.37272788226129
47.39523000848256
47.41773035586901
47.44022892031171
47.46272569769221
47.485220683882545
47.50771387474524
47.53020526613325
47.552694853889946
47.575182633849096
47.597668601834854
47.62015275366172
47.64263508513453
47.66511559204843
47.68759427018885
47.710071115331495
47.732546123242294
47.755019289677406
47.77749061038319
47.79996008109618
47.822427697543056
47.844893455440626
47.86735735049581
47.889819378405605
47.91227953485708
47.93473781552732
47.95719421608345
47.97964873218257
48.00210135947175
48.024552093588014
48.0470009301583
48.06944786479944
48.091892893118164
48.11433601071102
48.136777213164414
48.15921649605454
48.18165385494738
48.204089285398666
48.22652278295388
48.24895434314819
48.27138396150649
48.293811633543285
48.31623735476276
48.33866112065871
48.3610829267145
48.383502768403076
48.40592064118693
48.42833654051807
48.450750461837984
48.47316240057766
48.495572352157495
48.517980311987344
48.54038627546644
48.562790237983386
48.58519219491614
48.60759214163198
48.62999007348749
48.65238598582852
48.674779873990175
48.69717173329677
48.719561559061844
48.74194934658809
48.76433509116737
48.78671878808065
48.809100432598
48.83148001997858
48.853857545470575
48.87623300431122
48.89860639172673
48.9209777029323
48.94334693313206
48.96571407751909
48.988079131275335
49.01044208957163
49.03280294756765
49.055161700411894
49.07751834324164
49.09987287118295
49.12222527935062
49.14457556284816
49.16692371676777
49.18926973619032
49.21161361618531
49.233955351810856
49.256294938113655
49.27863237012896
49.300967642880565
49.32330075138076
49.34563169063033
49.36796045561848
49.39028704132287
49.412611442709554
49.434933654732944
49.45725367233581
49.47957149044924
49.50188710399261
49.52420050787356
49.54651169698796
49.56882066621991
49.591127410441665
49.61343192451366
49.63573420328445
49.658034241590684
49.68033203425709
49.70262757609645
49.72492086190954
49.74721188648515
49.76950064460002
49.791787131018836
49.81407134049417
49.8363532677665
49.85863290756413
49.8809102546032
49.90318530358765
49.92545804920917
49.9477284861472
49.96999660906889
49.992262412629074
50.01452589147023
50.03678704022246
50.05904585350346
50.08130232591852
50.10355645206044
50.125808226509534
50.14805764383361
50.17030469858792
50.19254938531513
50.21479169854532
50.23703163279591
50.259269182571686
50.28150434236471
50.303737106654346
50.32596746990719
50.348195426577064
50.37042097110498
50.392644097919096
50.41486480143472
50.437083076054236
50.45929891616712
50.48151231614988
50.50372327036604
50.525931773166086
50.54813781888747
50.570341401854556
50.59254251637861
50.61474115675774
50.636937317276896
50.65913099220783
50.68132217580904
50.7035108623258
50.72569704599005
50.74788072102043
50.77006188162222
50.79224052198731
50.81441663629418
50.83659021870787
50.858761263379925
50.880929764448396
50.90309571603778
50.92525911225901
50.94741994720942
50.969578214972685
50.991733909618844
51.013887025204234
51.03603755577144
51.05818549534932
51.0803308379529
51.10247357758342
51.124613708228225
51.146751223860804
51.16888611844071
51.19101838591355
51.21314802021094
51.23527501525047
51.25739936493571
51.2795210631561
51.30164010378702
51.32375648068967
51.345870187711064
51.36798121868402
51.39008956742712
51.41219522774463
51.43429819342654
51.456398458248486
51.478496015971714
51.500590860343074
51.52268298509496
51.5447723839453
51.5668590505975
51.588942978740434
51.61102416204838
51.633102594181025
51.65517826878339
51.67725117948583
51.69932131990399
51.72138868363875
51.74345326427623
51.76551505538772
51.78757405052967
51.80963024324363
51.83168362705624
51.853734195479205
51.87578194200921
51.89782686012795
51.919868943302035
51.941908184983
51.96394457860725
51.98597811759603
52.00800879535538
52.03003660527612
52.05206154073382
52.074083595088695
52.09610276168567
52.118119033854285
52.14013240490866
52.16214286814749
52.18415041685398
52.20615504429582
52.228156743725144
52.25015550837851
52.27215133147685
52.294144206225425
52.31613412581382
52.33812108341587
52.36010507218967
52.38208608527747
52.40406411580572
52.42603915688496
52.44801120160984
52.46998024305904
52.49194627429527
52.513909288365205
52.53586927829946
52.55782623711254
52.57978015780285
52.601731033352586
52.62367885672774
52.64562362087807
52.66756531873703
52.68950394322177
52.71143948723307
52.733371943655314
52.75530130535644
52.77722756518792
52.799150715984716
52.821070750565234
52.84298766173129
52.864901442268085
52.88681208494414
52.908719582511274
52.93062392770457
52.95252511324233
52.97442313182602
52.996317976140276
53.01820963885281
53.0400981126144
53.06198339005886
53.083865463802994
53.11603942193441
53.148243617853225
53.180478154272336
53.212743134253515
53.24503866120864
53.27736483890085
53.30972177144575
53.342109563312626
53.3745283193256
53.40697814466489
53.43945914486798
53.47197142583086
53.50451509380922
53.537090255419685
53.569697017641055
53.602335487815495
53.63500577364981
53.667707983216665
53.70044222495583
53.73320860767542
53.76600724055317
53.79883823313766
53.83170169534959
53.864597737483045
53.89752647020677
53.930488004565426
53.963482451980866
53.996509924253445
54.029570533563266
54.062664392471504
54.095791613921676
54.12895231124096
54.162146598141476
54.19537458872162
54.22863639746735
54.26193213925352
54.29526192934519
54.32862588339897
54.36202411746432
54.395456747984916
54.42892389179996
54.46242566614555
54.49596218865601
54.52953357736524
54.56313995070811
54.59678142752177
54.63045812704704
54.6641701689298
54.69791767322233
54.73170076038471
54.765519551286225
54.7993741672067
54.83326472983795
54.86719136128515
54.90115418406826
54.9351533211234
54.969188895804294
55.00326103188368
55.037369853554736
55.071515485432485
55.10569805255527
55.139917680386155
55.174174494814395
55.20846862215685
55.24280018915948
55.277169322998766
55.31157615128319
55.34602080205471
55.3805034037902
55.41502408540297
55.449582976244216
55.484180206104526
55.51881590521536
55.553490204250565
55.58820323432785
55.622955127010314
55.65774601430796
55.6925760286792
55.7274453030324
55.762353970727375
55.79730216557696
55.832290021848515
55.86731767426549
55.902385258008984
55.937492908719264
55.97264076249735
56.00782895590658
56.04305762597417
56.07832691019281
56.1136369465222
56.148987873390695
56.184379829696866
56.21981295481108
56.25528738857715
56.2908032713139
56.326360743816785
56.361959947359544
56.39760102369578
56.433284115060616
56.46900936417233
56.504776914233986
56.54058690893508
56.57643949245322
56.61233480945574
56.64827300510139
56.684254225042
56.720278615424164
56.756346322890906
56.792457494583374
56.82861227814253
56.86481082171085
56.90105327393402
56.93733978396266
56.97367050145404
57.01004557657376
57.04646515999754
57.0829294029129
57.11943845702094
57.155992474538046
57.19259160819766
57.22923601125204
57.26592583747402
57.30266124115878
57.3394423771256
57.376269400719664
57.413142467813834
57.45006173481046
57.48702735864316
57.52403949677862
57.56109830721842
57.59820394850086
57.635356579702744
57.672556360441256
57.70980345087576
57.74709801170967
57.784440204192265
57.82183019012058
57.85926813184123
57.89675419225231
57.93428853480525
57.97187132350669
58.00950272292039
58.04718289816909
58.084912014936435
58.122690239468874
58.16051773857755
58.19839467964026
58.23632123060334
58.274297559983616
58.31232383687035
58.35040023092716
58.38852691239398
58.426704052089036
58.46493182141079
58.50321039233991
58.541539937441264
58.579920629865896
58.618352643353006
58.65683615223196
58.695371331424305
58.733958356445754
58.77259740340823
58.81128864902187
58.85003227059707
58.888828446046524
58.92767735388726
58.966579173242714
59.00553408384476
59.04454226603579
59.083603900770804
59.12271916961947
59.16188825476822
59.20111133902235
59.24038860580809
59.27972023917478
59.31910642379692
59.358547344976316
59.39804318864423
59.43759414136349
59.47720039033066
59.51686212337816
59.55657952897647
59.59635279623626
59.63618211491058
59.67606767539705
59.71600966874003
59.75600828663282
59.7960637214199
59.83617616609907
59.876345814323756
59.91657286040516
59.95685749931455
59.99719992668547
60.037600338816
60.07805893267101
60.11857590588444
60.15915145676155
60.199785784281204
60.24047908809818
60.28123156854545
60.322043426636476
60.362914864067534
60.40384608322003
60.444837287162834
60.48588867965459
60.5270004651461
60.56817284878264
60.60940603640633
60.6507002345585
60.692055650482075
60.73347249212395
60.77495096813738
60.81649128788438
60.85809366143814
60.89975829958543
60.94148541382903
60.98327521639015
61.0251279202109
61.06704373895671
61.1090228870188
61.15106557951664
61.193172032300424
61.235342461953564
61.27757708579516
61.31987612188251
61.36223978901362
61.404668306729725
61.4471618953178
61.48972077581309
61.53234517000168
61.57503530042302
61.617791390372474
61.66061366390393
61.703502345832334
61.7464576617363
61.78947983796069
61.83256910161923
61.8757256805971
61.91894980355359
61.9622416999247
62.005601599925775
62.04902973455419
62.092526335591955
62.13609163560842
62.17972586796294
62.22342926680753
62.267202067089606
62.31104450455466
62.35495681574896
62.3989392380223
62.442992009530705
62.48711536923917
62.53130955692443
62.57557481317769
62.619911379407405
62.66431949784207
62.708799411532986
62.753351364357044
62.79797560101956
62.84267236705708
62.88744190884018
62.93228447357633
62.97720030931273
63.022189664939134
63.06725279019076
63.11238993565111
63.157601352754895
63.20288729379091
63.24824801190493
63.29368376110262
63.33919479625248
63.38478137308873
63.430443748214294
63.47618217910374
63.52199692410622
63.56788824244847
63.613856394237764
63.65990164046494
63.70602424300735
63.75222446463192
63.79850256899816
63.84485882066117
63.89129348507472
63.93780682859426
63.984399118480034
64.0310706229001
64.07782161093346
64.12465235257311
64.1715631187292
64.2185541812321
64.26562581283554
64.31277828721976
64.36001187899464
64.40732686370288
64.45472351782314
64.50220211877324
64.54976294491333
64.59740627554912
64.64513239093507
64.69294157227763
64.74083410173844
64.78881026243762
64.83687033845699
64.88501461484336
64.93324337761179
64.98155691374889
65.02995551121612
65.07843945895308
65.1270090468809
65.17566456590546
65.22440630792084
65.27323456581264
65.32214963346134
65.37115180574565
65.420241378546
65.46941864874782
65.51868391424505
65.56803747394349
65.61747962776431
65.66701067664745
65.7166309225551
65.76634066847515
65.81614021842472
65.86602987745361
65.91600995164782
65.96608074813308
66.01624257507837
66.06649574169947
66.11684055826255
66.16727733608766
66.21780638755237
66.26842802609535
66.31914256621997
66.36995032349792
66.42085161457283
66.4718467571639
66.52293607006962
66.57411987317133
66.625398487437
66.67677223492484
66.72824143878708
66.77980642327361
66.83146751373576
66.88322503663002
66.93507931952182
66.98703069108925
67.03907948112688
67.09122602054953
67.1434706413961
67.19581367683337
67.24825546115981
67.30079632980949
67.35343661935585
67.40617666751564
67.45901681315277
67.51195739628224
67.564998758074
67.6181412408569
67.67138518812264
67.72473094452971
67.77817885590733
67.83172926925944
67.88538253276873
67.93913899580059
67.99299900890713
68.04696292383127
68.10103109351071
68.15520387208204
68.2094816148848
68.26386467846552
68.31835342058191
68.37294820020692
68.42764937753284
68.48245731397552
68.53737237217842
68.5923949160169
68.64752531060232
68.70276392228627
68.75811111866477
68.81356726858252
68.8691327421371
68.92480791068327
68.98059314683724
69.0364888244809
69.09249531876617
69.1486130061193
69.20484226424523
69.26118347213185
69.31763701005444
69.37420325958001
69.43088260357172
69.48767542619318
69.54458211291302
69.6016030505092
69.65873862707352
69.71598923201606
69.77335525606966
69.83083709129443
69.88843513108222
69.94614977016118
70.00398140460032
70.06193043181398
70.11999725056648
70.17818226097668
70.23648586452256
70.29490846404589
70.3534504637568
70.41211226923846
70.47089428745176
70.52979692673992
70.5888205968333
70.64796570885402
70.70723267532071
70.76662191015328
70.82613382867761
70.88576884763043
70.94552738516404
71.00540986085113
71.0654166956896
71.12554831210744
71.18580513396753
71.24618758657257
71.30669609666992
71.36733109245657
71.42809300358397
71.48898226116307
71.54999929776922
71.61114454744717
71.67241844571602
71.7338214295743
71.79535393750494
71.8570164094803
71.91880928696726
71.98073301293233
72.04278803184667
72.10497478969125
72.16729373396197
72.22974531367478
72.29232997937089
72.35504818312191
72.41790037853507
72.48088702075842
72.5440085664861
72.60726547396354
72.67065820299277
72.73418721493769
72.79785297272939
72.86165594087143
72.92559658544525
72.98967537411546
73.05389277613529
73.1182492623519
73.18274530521188
73.24738137876665
73.31215795867787
73.37707552222298
73.44213454830063
73.50733551743622
73.57267891178742
73.63816521514971
73.70379491296197
73.76956849231198
73.83548644194212
73.90154925225495
73.96775741531883
74.0341114248736
74.10061177633627
74.16725896680668
74.23405349507327
74.30099586161876
74.36808656862593
74.43532611998339
74.50271502129138
74.57025377986761
74.63794290475303
74.70578290671774
74.77377429826683
74.8419175936463
74.91021330884895
74.97866196162033
75.0472640714647
75.11602015965096
75.18493074921871
75.25399636498422
75.32321753354647
75.3925947832932
75.46212864440704
75.53181964887153
75.60166833047727
75.67167522482808
75.74184086934713
75.81216580328314
75.88265056771654
75.95329570556575
76.0241017615934
76.09506928241258
76.16619881649314
76.23749091416798
76.30894612763942
76.38056501098549
76.45234812016636
76.52429601303069
76.59640924932208
76.66868839068547
76.74113400067363
76.8137466447536
76.88652689031328
76.95947530666783
77.0325924650663
77.10587893869823
77.17933530270011
77.25296213416215
77.3267600121348
77.40072951763545
77.47487123365515
77.54918574516523
77.6236736391241
77.69833550448398
77.77317193219763
77.84818351522522
77.92337084854108
77.9987345291406
78.07427515604705
78.14999333031848
78.22588965505466
78.30196473540397
78.37821917857039
78.45465359382047
78.53126859249033
78.60806478799275
78.6850427958241
78.76220323357157
78.83954672092013
78.91707387965974
78.99478533369249
79.07268170903976
79.15076363384942
79.22903173840307
79.30748665512324
79.38612901858075
79.4649594655019
79.5439786347759
79.62318716746212
79.70258570679752
79.78217489820405
79.86195538929601
79.9419278298876
80.02209287200029
80.10245116987036
80.18300337995646
80.2637501609471
80.34469217376825
80.42583008159096
80.50716454983893
80.58869624619622
80.67042584061488
80.75235400532273
80.83448141483098
80.91680874594208
80.99933667775747
81.08206589168537
81.16499707144865
81.24813090309267
81.33146807499318
81.41500927786421
81.49875520476607
81.58270655111326
81.66686401468249
81.75122829562072
81.83580009645318
81.92058012209148
82.00556907984168
82.09076767941247
82.17617663292327
82.26179665491252
82.34762846234575
82.43367277462397
82.51993031359186
82.60640180354605
82.69308797124356
82.77998954591004
82.86710725924821
82.95444184544627
83.04199404118633
83.12976458565291
83.2177542205414
83.30596369006662
83.39439374097137
83.483045122535
83.57191858658207
83.66101488749094
83.75033478220246
83.83987903022873
83.92964839366175
84.01964363718226
84.10986552806845
84.20031483620488
84.29099233409124
84.38189879685132
84.47303500224184
84.56440173066146
84.6559997651597
84.74782989144603
84.83989289789878
84.93218957557431
85.02472071821609
85.11748712226375
85.21048958686237
85.30372891387152
85.39720590787462
85.4909213761881
85.58487612887072
85.67907097873288
85.77350674134595
85.86818423505171
85.96310428097166
86.05826770301655
86.15367532789581
86.24932798512707
86.3452265070457
86.44137172881437
86.5377644884327
86.6344056267468
86.73129598745903
86.8284364171377
86.92582776522671
87.02347088405544
87.12136662884848
87.21951585773546
87.31791943176096
87.41657821489437
87.51549307403988
87.61466487904637
87.7140945027175
87.81378282082167
87.91373071210214
88.0139390582871
88.11440874409983
88.21514065726892
88.31613568853837
88.41739473167793
88.51891868349333
88.62070844383659
88.72276491561641
88.82508900480852
88.92768162046607
89.03054367473017
89.13367608284028
89.2370797631448
89.34075563711163
89.4447046293387
89.5489276675647
89.65342568267967
89.75819960873574
89.86325038295786
89.9685789457546
90.07418624072892
90.18007321468906
90.28624081765943
90.3926900028915
90.49942172687477
90.60643694934781
90.71373663330925
90.82132174502888
90.92919325405875
91.0373521332443
91.14579935873559
91.25453590999851
91.36356276982605
91.47288092434954
91.58249136305008
91.69239507876986
91.80259306772362
91.91308632951004
92.0238758671233
92.13496268696458
92.24634779885368
92.35803221604053
92.47001695521695
92.58230303652829
92.69489148358518
92.80778332347526
92.92097958677505
93.03448130756175
93.14828952342518
93.26240527547965
63.7550157747621
63.769129213926924
63.783211542209884
63.797262653932336
63.811282443056655
63.825270803185035
63.83922762755824
63.8531528090544
63.86704624018777
63.880907813107484
63.89473741959633
63.90853495106951
63.92230029857336
63.936033352784136
63.94973400400672
63.9634021421734
63.97703765684256
63.99064043719745
64.00421037204488
64.01774734981396
64.03125125855482
64.0447219859373
64.05815941924968
64.07156344539737
64.08493395090163
64.09827082189824
64.1115739441362
64.12484320297642
64.1380784833904
64.15127966995891
64.16444664687066
64.17757929792097
64.19067750651041
64.20374115564351
64.21677012792738
64.22976430557033
64.2427235703806
64.25564780376493
64.2685368867272
64.28139069986712
64.29420912337878
64.30699203704933
64.31973932025755
64.33245085197254
64.34512651075221
64.35776617474201
64.37036972167344
64.38293702886267
64.39546797320915
64.40796243119418
64.42042027887946
64.43284139190571
64.44522564549122
64.45757291443043
64.46988307309245
64.48215599541965
64.49439155492621
64.50658962469667
64.51875007738444
64.53087278521035
64.5429576199612
64.55500445298826
64.5670131552058
64.57898359708963
64.59091564867556
64.60280917955794
64.61466405888814
64.62648015537309
64.63825733727371
64.64999547240346
64.66169442812674
64.67335407135742
64.68497426855733
64.69655488573464
64.7080957884424
64.71959684177699
64.73105791037649
64.74247885841922
64.75385954962212
64.7651998472392
64.77649961405996
64.78775871240782
64.79897700413856
64.81015435063867
64.8212906128238
64.83238565113717
64.84343932554793
64.8544514955496
64.86542202015836
64.87635075791157
64.88723756686599
64.89808230459627
64.90888482819325
64.91964499426231
64.93036265892178
64.94103767780123
64.95166990603983
64.96225919828466
64.97280540868907
64.98330839091102
64.99376799811134
65.00418408295207
65.01455649759478
65.02488509369886
65.0351697224198
65.04541023440748
65.0556064798045
65.06575830824437
65.07586556884986
65.08592811023124
65.0959457804845
65.10591842718966
65.11584589740902
65.1257280376853
65.13556469404003
65.14535571197165
65.1551009364538
65.16480021193354
65.17445338232949
65.18406029103014
65.19362078089196
65.20313469423766
65.21260187285432
65.2220221579916
65.23139539035992
65.24072141012861
65.25000005692411
65.25923116982804
65.26841458737546
65.27755014755293
65.28663768779668
65.29567704499075
65.3046680554651
65.31361055499372
65.32250437879273
65.33134936151855
65.34014533726594
65.34889213956609
65.35758960138473
65.36623755512021
65.37483583260156
65.38338426508656
65.3918826832598
65.40033091723072
65.40872879653169
65.41707615011602
65.425372806356
65.43361859304092
65.44181333737512
65.44995686597596
65.45804900487187
65.4660895795003
65.47407841470577
65.4820153347378
65.4899001632489
65.4977327232926
65.50551283732133
65.51324032718446
65.52091501412617
65.52853671878347
65.53610526118409
65.5436204607444
65.5510821362674
65.55849010594055
65.56584418733375
65.57314419739721
65.58038995245936
65.58758126822468
65.59471795977169
65.60179984155072
65.60882672738182
65.61579843045266
65.62271476331627
65.62957553788901
65.63638056544832
65.64312965663059
65.64982262142898
65.6564592691912
65.66303940861738
65.66956284775782
65.67602939401078
65.68243885412032
65.68879103417402
65.69508573960076
65.70132277516849
65.70750194498203
65.71362305248074
65.7196859004363
65.72569029095044
65.73163602545266
65.73752290469795
65.74335072876451
65.74911929705142
65.75482840827635
65.76047786047326
65.76606745099005
65.77159697648625
65.77706623293068
65.78247501559909
65.78782311907183
65.79311033723145
65.79833646326037
65.80350128963846
65.80860460814071
65.8136462098348
65.81862588507867
65.82354342351817
65.8283986140846
65.83319124499229
65.83792110373616
65.84258797708932
65.84719165110054
65.85173191109186
65.85620854165609
65.86062132665431
65.86497004921345
65.86925449172375
65.87347443583623
65.87762966246025
65.88171995176094
65.88574508315669
65.8897048353166
65.89359898615798
65.89742731284372
65.90118959177977
65.90488559861258
65.90851510822652
65.91207789474127
65.91557373150921
65.91900239111285
65.92236364536222
65.9256572652922
65.9288830211599
65.93204068244206
65.93513001783236
65.93815079523878
65.9411027817809
65.94398574378724
65.9467994467926
65.94954365553532
65.9522181339546
65.95482264518779
65.95735695156765
65.9598208146196
65.96221399505905
65.96453625278853
65.96678734689506
65.96896703564728
65.97107507649274
65.97311122605504
65.9750752401311
65.97696687368833
65.97878588086175
65.98053201495127
65.98220502841876
65.98380467288528
65.98533069912818
65.98678285707823
65.98816089581672
65.98946456357268
65.99069360771988
65.99184777477394
65.99292681038948
65.9939304593571
65.99485846560053
65.99571057217364
65.9964865212575
65.99718605415738
65.99780891129986
65.99835483222975
65.99882355560715
65.99921481920443
65.99952835990321
65.99976391369134
65.99992121565987
66.0
66.0
