4.01462372403622
4.066168509773419
4.11390551134776
4.157825933118264
4.19792095912681
4.234181753051205
4.266599458158137
4.295165197256032
4.319870072647799
4.340705166083463
4.357661538712689
4.374633183419852
4.391620135482086
4.408622430258012
4.425640103187927
4.442673189793994
4.459721725680424
4.4767857465336744
4.493865288122635
4.510960386298817
4.528071076996545
4.54519739623315
4.562339380109162
4.5794970648084945
4.596670486598647
4.613859681830891
4.631064686940469
4.648285538446784
4.665522272953595
4.682774927149214
4.700043537806698
4.717328141784048
4.734628776024403
4.751945477556236
4.769278283493556
4.786627231036099
4.803992357469529
4.821373700165637
4.838771296582541
4.856185184264882
4.873615400844029
4.891061984038272
4.908524971653028
4.926004401581044
4.943500311802591
4.961012740385675
4.978541725486233
4.9960873053483414
5.013649518304415
5.031228402775414
5.0488239972710485
5.06643634038998
5.084065470820031
5.10171142733839
5.119374248811816
5.1370539741968475
5.154750642540009
5.1724642929780185
5.190194964737998
5.207942697137678
5.225707529585613
5.243489501581382
5.2612886527158125
5.279105022671177
5.296938651221412
5.314789578232328
5.332657843661824
5.350543487560096
5.368446550069853
5.386367071426532
5.404305091958506
5.422260652087305
5.440233792327831
5.458224553288572
5.476232975671813
5.4942591002738626
5.5123029679852635
5.530364619791011
5.548444096770774
5.566541440099112
5.584656691045691
5.602789890975508
5.620941081349111
5.639110303722815
5.657297599748929
5.675503011175974
5.6937265798489065
5.711968347709341
5.730228356795774
5.748506649243806
5.7668032672863685
5.785118253253945
5.803451649574802
5.821803498775209
5.840173843479667
5.8585627264111375
5.876970190391267
5.895396278340617
5.91384103327889
5.9323044983251645
5.950786716698115
5.969287731716249
5.987807586798139
6.006346325462644
6.024903991329154
6.043480628117812
6.062076279649755
6.080690989847337
6.099324802734372
6.1179777624363645
6.136649913180746
6.1553412992971115
6.174051965217448
6.192781955476376
6.211531314711394
6.230300087663103
6.249088319175454
6.267896054195981
6.286723337776048
6.305570215071077
6.324436731340796
6.343322931949481
6.362228862366196
6.3811545681650355
6.400100095025361
6.419065488732054
6.438050795175754
6.4570560603531035
6.476081330366991
6.495126651426802
6.51419206984866
6.533277632055672
6.5523833845781825
6.571509374054015
6.590655647228725
6.609822250955839
6.629009232197117
6.648216638022794
6.667444515611837
6.686692912252186
6.705961875341015
6.725251452384981
6.744561691000482
6.763892638913896
6.783244343961851
6.802616854091471
6.822010217360637
6.841424481938235
6.860859696104419
6.880315908250866
6.899793166881035
6.91929152061042
6.938811018166813
6.9583517083905635
6.977913640234842
6.997496862765889
7.017101425163289
7.036727376720224
7.056374766843741
7.076043645055016
7.095734060989605
7.115446064397724
7.135179705144511
7.154935033210279
7.174712098690798
7.194510951797552
7.214331642858011
7.234174222315897
7.254038740731447
7.273925248781693
7.293833797260726
7.313764437079966
7.333717219268432
7.35369219497302
7.3736894154587675
7.39370893210913
7.4137507964262515
7.433815060031246
7.453901774664468
7.474010992185782
7.494142764574851
7.514297143931399
7.5344741824755035
7.5546739325478605
7.574896446610069
7.595141777244911
7.615409977156629
7.635701099171209
7.656015196236656
7.676352321423288
7.696712527924002
7.717095869054575
7.737502398253929
7.757932169084429
7.778385235232168
7.798861650507245
7.819361468844057
7.8398847443015836
7.860431531063676
7.881001883439348
7.901595855863059
7.922213502895006
7.9428548792214215
7.963520039654851
7.984209039134455
8.0049219327263
8.025658775623649
8.046419623147257
8.067204530745663
8.08801355399549
8.108846748601735
8.129704170398073
8.150585875347145
8.171491919540863
8.192422359200705
8.21337725067802
8.234356650454318
8.255360615141578
8.27638920148255
8.29744246635105
8.318520466752272
8.339623259823084
8.360750902832336
8.381903453181167
8.403080968403302
8.424283506165366
8.44551112426719
8.466763880642116
8.488041833357308
8.50934504061406
8.530673560748102
8.552027452229922
8.573406773665061
8.594811583794439
8.61624194149466
8.637697905778332
8.659179535794369
8.68068689082832
8.702220030302676
8.72377901377719
8.74536390094919
8.766974751653903
8.788611625864768
8.810274583693756
8.831963685391695
8.853678991348584
8.875420562093918
8.89718845829701
8.918982740767316
8.94080347045475
8.962650708450022
8.984524515984953
9.006424954432802
9.028352085308597
9.050305970269465
9.072286671114945
9.094294249787335
9.116328768372012
9.138390289097766
9.160478874337127
9.182594586606701
9.204737488567504
9.226907643025292
9.249105112930897
9.271329961380559
9.293582251616268
9.315862047026098
9.33816941114454
9.360504407652847
9.38286710037937
9.405257553299894
9.427675830537988
9.450121996365336
9.472596115202087
9.495098251617193
9.517628470328756
9.540186836204368
9.562773414261462
9.585388269667657
9.6080314677411
9.630703073950817
9.653403153917065
9.676131773411674
9.698888998358404
9.721674894833292
9.744489529065005
9.767332967435191
9.790205276478835
9.813106522884611
9.83603677349524
9.85899609530784
9.881984555474288
9.905002221301578
9.928049160252174
9.951125439944375
9.974231128152672
9.997366292808104
10.020531001998632
10.04372532396949
10.06694932712355
10.090203080021697
10.113456790275455
10.13671045778632
10.159964082455561
10.183217664184218
10.2064712028731
10.22972469842279
10.252978150733643
10.276231559705778
10.299484925239087
10.32273824723323
10.345991525587637
10.369244760201502
10.39249795097379
10.415751097803229
10.439004200588316
10.462257259227313
10.485510273618246
10.508763243658906
10.532016169246848
10.55526905027939
10.578521886653613
10.60177467826636
10.625027425014235
10.648280126793606
10.6715327835006
10.694785395031102
10.71803796128076
10.74129048214498
10.764542957518922
10.78779538729751
10.811047771375424
10.834300109647097
10.857552402006723
10.880804648348247
10.904056848565373
10.927309002551558
10.950561110200011
10.973813171403698
10.997065186055334
11.02031715404739
11.043569075272083
11.066820949621388
11.090072776987027
11.113324557260468
11.136576290332934
11.159827976095398
11.183079614438576
11.206331205252933
11.229582748428683
11.252834243855784
11.276085691423939
11.299337091022602
11.322588442540967
11.345839745867972
11.369091000892299
11.392342207502372
11.41559336558636
11.438844475032173
11.462095535727462
11.485346547559613
11.50859751041576
11.53184842418277
11.555099288747256
11.578350103995561
11.60160086981377
11.624851586087704
11.648102252702918
11.671352869544709
11.694603436498102
11.717853953447861
11.74110442027848
11.76435483687419
11.787605203118952
11.81085551889646
11.834105784090138
11.857355998583145
11.880606162258365
11.903856274998413
11.927106336685634
11.950356347202101
11.973606306429613
11.996856214249696
12.020106070543607
12.043355875192322
12.066605628076548
12.08985532907671
12.113104978072965
12.136354574945184
12.159604119572968
12.182853611835636
12.20610305161223
12.229352438781511
12.252601773221961
12.275851054811781
12.299100283428892
12.322349458950931
12.345598581255253
12.368847650218932
12.392096665718752
12.415345627631217
12.438594535832546
12.461843390198672
12.485092190605238
12.508340936927604
12.531589629040841
12.554838266819727
12.57808685013876
12.60133537887214
12.624583852893778
12.647832272077295
12.671080636296022
12.694328945422994
12.717577199330954
12.740825397892351
12.76407354097934
12.787321628463777
12.81056966021723
12.833817636110961
12.857065556015941
12.880313419802842
12.903561227342035
12.926808978503594
12.95005667315729
12.973304311172594
12.99655189241868
13.019799416764412
13.04304688407836
13.066294294228781
13.089541647083635
13.112788942510575
13.136036180376944
13.159283360549786
13.182530482895832
13.205777547281508
13.229024553572932
13.25227150163591
13.27551839133594
13.298765222538208
13.322011995107589
13.345258708908649
13.368505363805635
13.391751959662486
13.414998496342823
13.438244973709956
13.461491391626875
13.484737749956254
13.507984048560456
13.531230287301517
13.554476466041159
13.577722584640787
13.600968642961478
13.624214640863995
13.64746057820878
13.670706454855946
13.69395227066529
13.717198025496282
13.740443719208066
13.763689351659462
13.786934922708964
13.81018043221474
13.833425880034628
13.856671266026144
13.879916590046465
13.903161851952444
13.926407051600602
13.94965218884713
13.972897263547885
13.996142275558393
14.019387224733844
14.042632110929098
14.065876933998672
14.089121693796752
14.112366390177188
14.13561102299349
14.158855592098831
14.182100097346044
14.205344538587624
14.228588915675722
14.25183322846215
14.275077476798376
14.298321660535525
14.32156577952438
14.34480983361538
14.368053822658617
14.391297746503831
14.414541605000426
14.437785397997452
14.461029125343607
14.484272786887246
14.507516382476371
14.530759911958636
14.554003375181335
14.577246771991417
14.600490102235472
14.623733365759744
14.64697656241011
14.670219692032099
14.693462754470882
14.716705749571275
14.739948677177729
14.763191537134336
14.786434329284837
14.809677053472603
14.832919709540647
14.856162297331618
14.879404816687803
14.902647267451123
14.925889649463134
14.949131962565028
14.972374206597628
14.99561638140139
15.018858486816402
15.042100522682379
15.065342488838674
15.088584385124264
15.11182621137775
15.135067967437365
15.158309653140968
15.181551268326043
15.204792812829698
15.228034286488665
15.251275689139302
15.274517020617584
15.297758280759108
15.320999469399096
15.344240586372383
15.367481631513424
15.390722604656297
15.413963505634689
15.437204334281908
15.460445090430877
15.483685773914129
15.506926384563814
15.530166922211691
15.553407386689138
15.57664777782713
15.599888095456262
15.623128339406737
15.646368509508363
15.669608605590557
15.692848627482341
15.71608857501234
15.739328448008783
15.762568246299509
15.78580796971195
15.809047618073148
15.832287191209739
15.855526688947961
15.878766111113649
15.90200545753224
15.925244728028764
15.948483922427847
15.971723040553712
15.994962082230174
16.01820104728064
16.041439935528118
16.064678746795188
16.087917480904043
16.11115613767645
16.134394716933766
16.15763321849694
16.180871642186506
16.204109987822587
16.227348255224882
16.25058644421268
16.273824554604847
16.297062586219837
16.32030053887568
16.34353841238999
16.366776206579956
16.390013921262344
16.413251556253503
16.436489111369347
16.459726586425376
16.482963981236658
16.506201295617835
16.529438529383118
16.552675682346294
16.57591275432072
16.599149745119313
16.622386654554568
16.64562348243854
16.668860228582858
16.692096892798705
16.715333474896838
16.738569974687568
16.761806391980777
16.785042726585903
16.80827897831194
16.831515146967448
16.85475123236054
16.87798723429889
16.90122315258972
16.924458987039813
16.947694737455507
16.97093040364269
16.9941659854068
17.017401482552824
17.040636894885306
17.063872222208335
17.087107464325545
17.110342621040118
17.133577692154784
17.156812677471812
17.18004757679302
17.20328238991976
17.226517116652936
17.249751756792982
17.272986310139878
17.29622077649314
17.319455155651823
17.34268944741451
17.36592365157933
17.38915776794393
17.412391796305513
17.43562573646079
17.458859588206014
17.482093351336967
17.50532702564896
17.528560610936825
17.551794106994926
17.575027513617147
17.598260830596907
17.621494057727134
17.644727194800282
17.667960241608334
17.69119319794278
17.714426063594637
17.73765883835443
17.760891522012216
17.784124114357553
17.80735661517952
17.830589024266697
17.853821341407194
17.87705356638862
17.900285698998097
17.92351773902225
17.946749686247223
17.96998154045865
17.99321330144168
18.016444968980966
18.03967654286066
18.06290802286442
18.086139408775395
18.109370700376243
18.132601897449113
18.155832999775658
18.17906400713702
18.202294919313836
18.22552573608624
18.24875645723386
18.27198708253581
18.29521761177069
18.318448044716597
18.341678381151112
18.364908620851303
18.38813876359372
18.4113688091544
18.434598757308862
18.45782860783211
18.48105836049862
18.504288015082352
18.527517571356746
18.550747029094715
18.57397638806865
18.597205648050412
18.62043480881134
18.64366387012224
18.666892831753394
18.690121693474552
18.71335045505493
18.736579116263208
18.75980767686754
18.783036136635538
18.80626449533428
18.829492752730303
18.852720908589607
18.875948962677654
18.89917691475936
18.9224047645991
18.945632511960703
18.968860156607455
18.992087698302093
19.015315136806805
19.038542471883233
19.06176970329247
19.08499683079505
19.108223854150957
19.131450773119624
19.15467758745993
19.177904296930187
19.201130901288156
19.224357400291037
19.24758379369547
19.27081008125753
19.29403626273273
19.317262337876024
19.34048830644179
19.363714168183847
19.38693992285544
19.410165570209244
19.433391109997366
19.456616541971336
19.479841865882115
19.50306708148009
19.526292188515065
19.549517186736267
19.572742075892354
19.595966855731387
19.619191526000858
19.642416086447668
19.665640536818138
19.688864876858002
19.712089106312405
19.735313224925903
19.75853723244247
19.781761128605478
19.804984913157707
19.82820858584135
19.851432146397997
19.874655594568647
19.8978789300937
19.921102152712955
19.944325262165606
19.96754825819025
19.990771140524878
20.01399390890688
20.03721656307303
20.060439102759503
20.08366152770186
20.106883837635053
20.130106032293423
20.15332811141069
20.17655007471997
20.199771921953754
20.22299365284392
20.24621526712172
20.269436764517792
20.29265814476215
20.315879407584184
20.33910055271266
20.36232157987572
20.385542488800866
20.408763279214988
20.431983950844327
20.455204503414507
20.478424936650512
20.501645250276688
20.524865444016747
20.548085517593762
20.571305470730174
20.594525303147766
20.617745014567696
20.640964604710465
20.66418407329594
20.687403420043328
20.710622644671197
20.73384174689746
20.757060726439384
20.780279583013574
20.80349831633599
20.82671692612193
20.849935412086033
20.87315377394229
20.89637201140401
20.919590124183863
20.94280811199384
20.966025974545275
20.98924371154883
21.0124613227145
21.035678807751616
21.058896166368825
21.082113398274114
21.105330503174784
21.12854748077747
21.151764330788126
21.174981052912024
21.198197646853757
21.221414112317234
21.244630449005683
21.267846656621646
21.291062734866976
21.314278683442836
21.337494502049704
21.360710190387366
21.38392574815491
21.407141175050725
21.430356470772516
21.453571635017283
21.47678666748132
21.50000156786023
21.523216335848907
21.54643097114154
21.569645473431613
21.592859842411908
21.616074077774485
21.639288179210702
21.6625021464112
21.6857159790659
21.708929676864024
21.732143239494057
21.755356666643777
21.77856995800024
21.80178311324977
21.82499613207797
21.848209014169726
21.871421759209184
21.89463436687977
21.91784683686417
21.941059168844344
21.964271362501513
21.987483417516167
22.010695333568048
22.033907110336166
22.05711874749879
22.080330244733446
22.103541601716906
22.126752818125208
22.149963893633632
22.173174827916718
22.19638562064824
22.21959627150123
22.242806780147966
22.266017146259955
22.289227369507962
22.31243744956198
22.335647386091246
22.35885717876423
22.382066827248636
22.405276331211404
22.4284856903187
22.451694904235918
22.474903972627686
22.498112895157853
22.521321671489492
22.544530301284894
22.567738784205574
22.59094711991227
22.614155308064923
22.6373633483227
22.66057124034398
22.683778983786347
22.706986578306598
22.730194023560735
22.753401319203967
22.776608464890707
22.79981546027457
22.823022305008365
22.84622899874411
22.869435541133004
22.89264193182546
22.915848170471065
22.93905425671861
22.962260190216064
22.98546597061059
23.008671597548535
23.031877070675428
23.055082389635977
23.078287554074073
23.10149256363278
23.12469741795435
23.147902116680193
23.171106659450892
23.19431104590621
23.217515275685074
23.24071934842557
23.26392326376496
23.28712702133965
23.31033062078523
23.33353406173643
23.35673734382714
23.379940466690414
23.403143429958448
23.42634623326259
23.449548876233333
23.47275135850033
23.495953679692363
23.519155839437367
23.542357837362413
23.56555967309371
23.588761346256604
23.611962856475582
23.635164203374252
23.658365386575362
23.681566405700785
23.70476726037152
23.72796795020769
23.751168474828546
23.77436883385245
23.79756902689689
23.820769053578474
23.84396891351291
23.86716860631503
23.890368131598777
23.913567488977197
23.93676667806244
23.959965698465766
23.983164549797532
24.006363231667205
24.029561743683338
24.052760085453585
24.07595825658469
24.099156256682498
24.122354085351937
24.145551742197018
24.168749226820843
24.191946538825597
24.21514367781255
24.23834064338204
24.26153743513349
24.284734052665396
24.307930495575327
24.33112676345992
24.354322855914887
24.377518772534994
24.400714512914085
24.423910076645054
24.447105463319865
24.47030067252953
24.49349570386412
24.516690556912764
24.539885231263632
24.56307972650395
24.58627404221999
24.609468177997066
24.632662133419537
24.655855908070798
24.67904950153328
24.70224291338846
24.725436143216836
24.748629190597946
24.77182205511035
24.795014736331638
24.81820723383843
24.84139954720635
24.864591676010065
24.887783619823242
24.910975378218573
24.93416695076776
24.957358337041512
24.98054953660955
25.0037405490406
25.026931373902393
25.050122010761662
25.073312459184137
25.096502718734545
25.119692788976607
25.14288266947304
25.16607235978555
25.189261859474826
25.212451168100547
25.235640285221372
25.258829210394943
25.282017943177877
25.305206483125772
25.328394829793197
25.35158298273369
25.374770941499754
25.39795870564287
25.421146274713475
25.44433364826097
25.46752082583371
25.490707806979014
25.51389459124315
25.53708117817134
25.56026756730776
25.583453758195525
25.606639750376697
25.629825543392286
25.653011136782233
25.676196530085424
25.699381722839675
25.72256671458174
25.745751504847288
25.768936093170936
25.792120479086215
25.815304662125577
25.838488641820398
25.861672417700966
25.884855989296497
25.908039356135106
25.93122251774382
25.954405473648578
25.977588223374223
26.000770766444504
26.02395310238206
26.047135230708435
26.070317150944064
26.09349886260828
26.116680365219295
26.139861658294222
26.16304274134905
26.186223613898647
26.20940427545677
26.232584725536043
26.25576496364797
26.278944989302925
26.302124802010155
26.32530440127777
26.34848378661274
26.371662957520897
26.394841913506937
26.41802065407441
26.44119917872572
26.46437748696212
26.48755557828371
26.510733452189434
26.533911108177083
26.557088545743284
26.580265764383505
26.603442763592042
26.62661954286203
26.649796101685432
26.67297243955304
26.69614855595446
26.719324450378124
26.742500122311284
26.76567557124001
26.78885079664918
26.812025798022482
26.835200574842418
26.85837512659029
26.881549452746196
26.90472355278904
26.927897426196523
26.95107107244514
26.974244491010168
26.997417681365683
27.020590642984537
27.043763375338372
27.066935877897606
27.090108150131435
27.113280191507826
27.13645200149352
27.159623579554026
27.182794925153615
27.205966037755328
27.229136916820956
27.25230756181105
27.275477972184923
27.298648147400627
27.32181808691497
27.344987790183502
27.368157256660517
27.39132648579905
27.414495477050863
27.437664229866463
27.460832743695086
27.484001017984692
27.50716905218197
27.53033684573232
27.55350439807988
27.576671708667487
27.599838776936696
27.623005602327776
27.6461721842797
27.66933852223014
27.692504615615483
27.7156704638708
27.73883606642986
27.762001422725135
27.785166532187773
27.808331394247613
27.831496008333175
27.854660373871663
27.877824490288955
27.900988357009602
27.92415197345683
27.947315339052526
27.970478453217247
27.993641315370212
28.01680392492929
28.03996628131102
28.06312838393058
28.0862902322018
28.109451825537164
28.13261316334779
28.15577424504344
28.178935070032505
28.202095637722024
28.225255947517656
28.24841599882369
28.271575791043034
28.294735323577225
28.31789459582641
28.341053607189355
28.364212357063437
28.38737084484464
28.410529069927552
28.433687031705364
28.456844729569866
28.48000216291144
28.503159331119065
28.526316233580303
28.549472869681303
28.572629238806798
28.595785340340093
28.61894117366308
28.642096738156216
28.665252033198527
28.68840705816761
28.711561812439612
28.734716295389255
28.7578705063898
28.781024444813077
28.804178110029454
28.827331501407844
28.85048461831571
28.873637460119053
28.896790026182398
28.919942315868813
28.943094328539893
28.966246063555758
28.98939752027505
29.012548698054925
29.03569959625106
29.058850214217642
29.082000551307367
29.105150606871433
29.12830038025954
29.151449870819885
29.174599077899167
29.197748000842566
29.220896638993757
29.244044991694892
29.267193058286608
29.290340838108015
29.313488330496703
29.336635534788726
29.359782450318612
29.38292907641934
29.406075412422357
29.42922145765756
29.452367211453307
29.475512673136393
29.498657842032067
29.521802717464016
29.544947298754366
29.568091585223677
29.591235576190932
29.614379270973558
29.637522668887385
29.660665769246677
29.68380857136411
29.706951074550773
29.730093278116165
29.753235181368183
29.77637678361313
29.799518084155707
29.822659082299012
29.845799777344524
29.86894016859212
29.892080255340048
29.915220036884946
29.93835951252182
29.96149868154405
29.98463754324338
30.00777609690993
30.030914341832165
30.054052277296915
30.07718990258936
30.100327216993033
30.123464219789806
30.146600910259895
30.169737287681855
30.192873351332572
30.216009100487263
30.239144534419466
30.262279652401052
30.2854144537022
30.308548937591404
30.33168310333547
30.35481695019952
30.377950477446966
30.401083684339515
30.424216570137183
30.447349134098268
30.470481375479356
30.493613293535315
30.516744887519295
30.53987615668272
30.56300710027528
30.586137717544936
30.609268007737914
30.63239797009869
30.655527603870006
30.678656908292847
30.70178588260645
30.724914526048295
30.748042837854094
30.771170817257794
30.79429846349158
30.817425775785857
30.84055275336926
30.86367939546863
30.886805701309033
30.90993167011374
30.933057301104228
30.956182593500174
30.97930754651946
31.002432159378156
31.025556431290518
31.04868036146899
31.0718039491242
31.094927193464947
31.118050093698212
31.14117264902913
31.16429485866101
31.187416721795316
31.210538237631674
31.233659405367856
31.25678022419978
31.27990069332151
31.303020811925244
31.32614057920132
31.349259994338198
31.37237905652247
31.395497764938845
31.418616118770156
31.441734117197342
31.46485175939945
31.487969044553633
31.51108597183514
31.53420254041732
31.557318749471605
31.58043459816752
31.603550085672673
31.62666521115274
31.64977997377148
31.672894372690713
31.696008407070327
31.719122076068267
31.742235378840533
31.76534831454118
31.7884608823223
31.81157308133404
31.834684910724565
31.85779636964009
31.88090745722485
31.904018172621107
31.927128514969134
31.950238483407226
31.97334807707168
31.996457295096807
32.01956613661491
32.0426746007563
32.065782686649264
32.08889039342008
32.11199772019301
32.13510466609029
32.15821123023214
32.181317411736735
32.20442320972022
32.227528623296685
32.2506336515782
32.273738293674754
32.29684254869431
32.319946415742734
32.34304989392386
32.36615298233944
32.38925568008916
32.41235798627059
32.435459899979264
32.4585614203086
32.481662546349924
32.50476327719247
32.52786361192335
32.5509635496276
32.57406308938812
32.59716223028569
32.62026097139897
32.6433593118045
32.666457250576684
32.689554786787774
32.7126519195079
32.735748647805025
32.758844970744974
32.781940887391414
32.80503639680583
32.82813149804756
32.85122619017376
32.87432047223942
32.89741434329732
32.92050780239808
32.9436008485901
32.966693480919616
32.98978569843064
33.01287750016497
33.035968885162205
33.05905985245972
33.08215040109266
33.10524053009396
33.12833023849429
33.15141952532212
33.17450838960364
33.197596830362805
33.220684846621324
33.24377243739864
33.26685960171192
33.28994633857608
33.313032647003745
33.336118526005265
33.35920397458871
33.38228899175984
33.405373576522145
33.42845772787679
33.451541444822645
33.47462472635627
33.49770757147189
33.520789979161435
33.54387194841448
33.56695347821827
33.59003456755772
33.613115215415405
33.63619542077153
33.65927518260396
33.682354499888206
33.70543337159739
33.72851179670227
33.75158977417124
33.77466730297029
33.797744382063044
33.82082101041071
33.84389718697212
33.86697291070368
33.8900481805594
33.91312299549085
33.936197354447216
33.959271256375224
33.98234470021919
34.005417684920964
34.028490209419985
34.05156227265322
34.074633873555186
34.09770501105794
34.120775684091065
34.143845891581684
34.16691563245443
34.18998490563147
34.213053710032455
34.23612204457456
34.25918990817245
34.2822572997383
34.30532421818174
34.32839066240991
34.35145663132741
34.374522123836314
34.397587138836165
34.42065167522396
34.44371573189414
34.466779307738605
34.48984240164669
34.51290501250517
34.53596713919824
34.55902878060753
34.58208993561206
34.60515060308829
34.62821078191007
34.65127047094865
34.674329669072684
34.69738837514819
34.72044658803859
34.74350430660467
34.76656152970458
34.78961825619384
34.812674484925324
34.835730214749255
34.8587854445132
34.881840173062066
34.904894399238096
34.927948121880846
34.9510013398272
34.97405405191136
34.99710625696483
35.02015795381641
35.043209141292195
35.066259818215585
35.08930998340723
35.112359635685095
35.13540877386439
35.15845739675759
35.18150550317443
35.204553091921895
35.22760016180422
35.25064671162287
35.27369274017654
35.296738246261164
35.31978322866988
35.34282768619303
35.365871617618204
35.38891502173014
35.411957897310806
35.43500024313933
35.45804205799203
35.481083340642414
35.504124089861136
35.52716430441601
35.55020398307202
35.57324312459128
35.59628172773306
35.619319791253744
35.642357313906864
35.66539429444306
35.6884307316101
35.711466624152834
35.73450197081324
35.75753677033038
35.7805710214404
35.80360472287653
35.826637873369066
35.84967047164538
35.872702516429904
35.895734006444115
35.918764940406554
35.941795317032785
35.96482513503541
35.98785439312406
36.010883090005386
36.03391122438305
36.05693879495771
36.07996580042704
36.102992239485694
36.126018110825314
36.14904341313452
36.172068145098905
36.19509230540102
36.21811589272038
36.241138905733436
36.26416134311361
36.28718320353122
36.31020448565355
36.33322518814479
36.35624530966603
36.379264848875295
36.40228380442749
36.42530217497442
36.44831995916478
36.47133715564413
36.49435376305492
36.51736978003644
36.540385205224865
36.5634000372532
36.586414274751306
36.60942791634586
36.63244096066038
36.65545340631521
36.67846525192749
36.701476496111184
36.72448713747704
36.747497174632606
36.77050660618221
36.793515430726956
36.81652364686472
36.839531253190124
36.86253824829457
36.885544630766184
36.90855039918984
36.931555552147145
36.954560088216425
36.977564005972724
37.00056730398779
37.02356998083009
37.046572035064756
37.069573465253626
37.09257426995521
37.11557444772468
37.1385739971139
37.16157291667135
37.18457120494218
37.20756886046817
37.23056588178775
37.25356226743594
37.2765580159444
37.29955312584141
37.32254759565183
37.3455414238971
37.36853460909528
37.391527149760975
37.41451904440538
37.43751029153625
37.46050088965787
37.483490837271106
37.50648013287333
37.52946877495845
37.55245676201692
37.57544409253566
37.59843076499814
37.621416777884306
37.644402129670596
37.667386818829925
37.69037084383169
37.71335420314173
37.73633689522238
37.75931891853239
37.78230027152695
37.805280952657704
37.8282609603727
37.85124029311642
37.87421894932972
37.89719692744989
37.92017422591059
37.94315084314187
37.96612677757015
37.989102027618216
38.01207659170521
38.035050468246624
38.05802365565429
38.08099615233637
38.103967956697346
38.126939067138025
38.14990948205551
38.17287919984321
38.1958482188908
38.218816537584274
38.24178415430586
38.26475106743408
38.28771727534368
38.310682776405685
38.33364756898733
38.35661165145209
38.37957502215966
38.40253767946595
38.425499621723056
38.448460847279286
38.47142135447912
38.49438114166322
38.51734020716842
38.540298549327694
38.56325616647019
38.58621305692118
38.60916921900207
38.632124651030395
38.65507935131979
38.67803331818001
38.7009865499169
38.723939044832385
38.74689080122448
38.76984181738726
38.792792091610856
38.81574162218146
38.83869040738131
38.861638445488644
38.88458573477776
38.907532273518946
38.93047805997851
38.95342309241875
38.97636736909795
38.999310888270365
39.02225364818622
39.0451956470917
39.068136883228945
39.09107735483603
39.11401706014695
39.13695599739163
39.159894164795915
39.18283156058154
39.20576818296613
39.2287040301632
39.251639100382135
39.274573391828184
39.29750690270246
39.3204396312019
39.34337157551929
39.36630273384325
39.38923310435819
39.412162685244354
39.43509147467776
39.45801947083024
39.48094667186937
39.50387307595851
39.52679868125678
39.549723485919046
39.57264748809591
39.5955706859337
39.61849307757447
39.64141466115598
39.664335434811676
39.68725539667071
39.71017454485789
39.73309287749372
39.75601039269434
39.77892708857156
39.8018429632328
39.82475801478114
39.84767224131525
39.870585640929434
39.89349821171358
39.91640995175315
39.93932085912921
39.96223093191838
39.985140168192835
40.00804856602031
40.03095612346405
40.05386283858286
40.076768709431036
40.0996737340584
40.122577910510245
40.145481236827365
40.16838371104603
40.19128533119797
40.21418609531035
40.237086001405814
40.25998504750241
40.282883231613624
40.30578055174834
40.328677005910855
40.351572592100844
40.37446730831337
40.39736115253886
40.42025412276312
40.443146216967264
40.466037433127774
40.488927769216446
40.511817223200396
40.534705793042036
40.557593476699076
40.58048027212451
40.6033661772666
40.62625119006888
40.649135308470115
40.67201853040432
40.694900853800746
40.71778227658384
40.74066279667327
40.76354241198389
40.78642112042575
40.80929891990406
40.83217580831919
40.85505178356668
40.87792684353718
40.90080098611649
40.923674209185506
40.94654651062026
40.969417888291844
40.99228834006645
41.01515786380535
41.03802645736486
41.06089411859634
41.0837608453462
41.106626635455875
41.12949148676181
41.15235539709545
41.17521836428323
41.19808038614657
41.220941460501855
41.243801585160426
41.26666075792857
41.2895189766075
41.312376238993366
41.33523254287721
41.35808788604498
41.3809422662775
41.40379568135049
41.426648129034504
41.449499607094964
41.47235011329213
41.49519964538108
41.51804820111171
41.54089577822873
41.563742374471616
41.586587987574646
41.60943261526685
41.63227625527202
41.65511890530868
41.67796056309011
41.70080122632427
41.72364089271385
41.746479559956235
41.76931722574348
41.79215388776231
41.81498954369411
41.837824191214914
41.860657827995375
41.88349045170078
41.90632205999101
41.92915265052056
41.951982220938476
41.9748107688884
41.99763829200853
42.02046478793159
42.04329025428484
42.066114688690085
42.088938088763605
42.11176045211619
42.1345817763531
42.15740205907409
42.18022129787333
42.203039490339464
42.22585663405555
42.24867272659908
42.271487765541934
42.29430174845038
42.31711467288508
42.339926536401066
42.36273733654769
42.385547070868675
42.40835573690206
42.43116333218019
42.45396985422972
42.47677530057159
42.499579668721005
42.52238295618744
42.54518516047462
42.567986279080486
42.59078630949722
42.6135852492112
42.636383095703
42.65917984644738
42.68197549891325
42.704770050563695
42.72756349885592
42.75035584124128
42.77314707516522
42.79593719806729
42.81872620738114
42.84151410053447
42.86430087494905
42.8870865280407
42.909871057219256
42.93265445988859
42.955436733446554
42.97821787528501
43.00099788278979
43.02377675334068
43.04655448431141
43.06933107306966
43.092106516977026
43.114880813389
43.13765395965497
43.1604259531182
43.18319679111582
43.20596647097881
43.228734990031974
43.251502345593956
43.27426853497719
43.29703355548791
43.31979740442612
43.342560079085594
43.36532157675386
43.388081894712165
43.41084103023549
43.43359898059251
43.4563557430456
43.47911131485081
43.50186569325785
43.52461887551007
43.547370858844474
43.57012164049166
43.59287121767583
43.61561958761479
43.63836674751991
43.66111269459613
43.683857426041904
43.70660093904925
43.72934323080368
43.752084298484206
43.77482413926333
43.79756275030702
43.8203001287747
43.843036271819216
43.86577117658687
43.88850484021734
43.91123725984371
43.933968432592444
43.95669835558337
43.97942702592966
44.00215444073781
44.02488059710765
44.047605492132284
44.07032912289813
44.09305148648486
44.1157725799654
44.13849240040592
44.161210944865815
44.183928210397674
44.2066441940473
44.229358892853654
44.25207230384886
44.2747844240582
44.29749525050006
44.32020478018596
44.34291301012051
44.3656199373014
44.38832555871939
44.411029871358274
44.433732872194895
44.45643455819911
44.47913492633377
44.50183397355472
44.524531696810755
44.54722809304364
44.56992315918808
44.59261689217168
44.61530928891495
44.63800034633131
44.66069006132703
44.683378430801234
44.70606545164589
44.728751120745784
44.75143543497851
44.774118391214444
44.79679998631673
44.819480217141276
44.84215908053672
44.86483657334442
44.887512692398445
44.910187434525554
44.93286079654516
44.95553277526933
44.97820336750279
45.00087257004287
45.0235403796795
45.046206793195196
45.06887180736504
45.09153541895667
45.11419762473025
45.13685842143848
45.15951780582654
45.18217577463209
45.20483232458527
45.227487452408646
45.250141154817236
45.272793428518455
45.295444270212116
45.318093676590415
45.340741644337896
45.36338817013146
45.38603325064031
45.408676882525974
45.431319062442256
45.453959787035245
45.476599052943264
45.49923685679689
45.52187319521891
45.5445080648243
45.56714146222023
45.58977338400602
45.61240382677315
45.635032787105224
45.65766026157794
45.680286246759096
45.70291073920856
45.725533735478265
45.74815523211217
45.77077522564624
45.793393712608456
45.81601068951877
45.83862615288909
45.86124009922329
45.88385252501713
45.90646342675832
45.92907280092643
45.95168064399289
45.974286952421
45.99689172266588
46.019494951174465
46.04209663438549
46.06469676872945
46.087295350628594
46.10989237649692
46.13248784274014
46.15508174575565
46.177674081932544
46.20026484765155
46.22285403928507
46.24544165319709
46.26802768574322
46.29061213327065
46.31319499211813
46.335776258615944
46.35835592908591
46.380933999841346
46.40351046718706
46.426085327419315
46.44865857682582
46.471230211685715
46.493800228269535
46.51636862283921
46.53893539164804
46.56150053094065
46.58406403695301
46.606625905912395
46.62918613403735
46.651744717537696
46.674301652614496
46.69685693546004
46.71941056225783
46.74196252918253
46.76451283239999
46.78706146806719
46.80960843233225
46.832153721334365
46.85469733120384
46.87723925806201
46.89977949802129
46.92231804718509
46.944854901647815
46.96739005749486
46.989923510802576
47.01245525763825
47.034985294060085
47.05751361611718
47.0800402198495
47.10256510128787
47.12508825645395
47.1476096813602
47.170129372009875
47.192647324397
47.215163534506345
47.2376779983134
47.26019071178436
47.282701670876115
47.3052108715362
47.32771830970279
47.35022398130469
47.37272788226129
47.39523000848256
47.41773035586901
47.44022892031171
47.46272569769221
47.485220683882545
47.50771387474524
47.53020526613325
47.552694853889946
47.575182633849096
47.597668601834854
47.62015275366172
47.64263508513453
47.66511559204843
47.68759427018885
47.710071115331495
47.732546123242294
47.755019289677406
47.77749061038319
47.79996008109618
47.822427697543056
47.844893455440626
47.86735735049581
47.889819378405605
47.91227953485708
47.93473781552732
47.95719421608345
47.97964873218257
48.00210135947175
48.024552093588014
48.0470009301583
48.06944786479944
48.091892893118164
48.11433601071102
48.136777213164414
48.15921649605454
48.18165385494738
48.204089285398666
48.22652278295388
48.24895434314819
48.27138396150649
48.293811633543285
48.31623735476276
48.33866112065871
48.3610829267145
48.383502768403076
48.40592064118693
48.42833654051807
48.450750461837984
48.47316240057766
48.495572352157495
48.517980311987344
48.54038627546644
48.562790237983386
48.58519219491614
48.60759214163198
48.62999007348749
48.65238598582852
48.674779873990175
48.69717173329677
48.719561559061844
48.74194934658809
48.76433509116737
48.78671878808065
48.809100432598
48.83148001997858
48.853857545470575
48.87623300431122
48.89860639172673
48.9209777029323
48.94334693313206
48.96571407751909
48.988079131275335
49.01044208957163
49.03280294756765
49.055161700411894
49.07751834324164
49.09987287118295
49.12222527935062
49.14457556284816
49.16692371676777
49.18926973619032
49.21161361618531
49.233955351810856
49.256294938113655
49.27863237012896
49.300967642880565
49.32330075138076
49.34563169063033
49.36796045561848
49.39028704132287
49.412611442709554
49.434933654732944
49.45725367233581
49.47957149044924
49.50188710399261
49.52420050787356
49.54651169698796
49.56882066621991
49.591127410441665
49.61343192451366
49.63573420328445
49.658034241590684
49.68033203425709
49.70262757609645
49.72492086190954
49.74721188648515
49.76950064460002
49.791787131018836
49.81407134049417
49.8363532677665
49.85863290756413
49.8809102546032
49.90318530358765
49.92545804920917
49.9477284861472
49.96999660906889
49.992262412629074
50.01452589147023
50.03678704022246
50.05904585350346
50.08130232591852
50.10355645206044
50.125808226509534
50.14805764383361
50.17030469858792
50.19254938531513
50.21479169854532
50.23703163279591
50.259269182571686
50.28150434236471
50.303737106654346
50.32596746990719
50.348195426577064
50.37042097110498
50.392644097919096
50.41486480143472
50.437083076054236
50.45929891616712
50.48151231614988
50.50372327036604
50.525931773166086
50.54813781888747
50.570341401854556
50.59254251637861
50.61474115675774
50.636937317276896
50.65913099220783
50.68132217580904
50.7035108623258
50.72569704599005
50.74788072102043
50.77006188162222
50.79224052198731
50.81441663629418
50.83659021870787
50.858761263379925
50.880929764448396
50.90309571603778
50.92525911225901
50.94741994720942
50.969578214972685
50.991733909618844
51.013887025204234
51.03603755577144
51.05818549534932
51.0803308379529
51.10247357758342
51.124613708228225
51.146751223860804
51.16888611844071
51.19101838591355
51.21314802021094
51.23527501525047
51.25739936493571
51.2795210631561
51.30164010378702
51.32375648068967
51.345870187711064
51.36798121868402
51.39008956742712
51.41219522774463
51.43429819342654
51.456398458248486
51.478496015971714
51.500590860343074
51.52268298509496
51.5447723839453
51.5668590505975
51.588942978740434
51.61102416204838
51.633102594181025
51.65517826878339
51.67725117948583
51.69932131990399
51.72138868363875
51.74345326427623
51.76551505538772
51.78757405052967
51.80963024324363
51.83168362705624
51.853734195479205
51.87578194200921
51.89782686012795
51.919868943302035
51.941908184983
51.96394457860725
51.98597811759603
52.00800879535538
52.03003660527612
52.05206154073382
52.074083595088695
52.09610276168567
52.118119033854285
52.14013240490866
52.16214286814749
52.18415041685398
52.20615504429582
52.228156743725144
52.25015550837851
52.27215133147685
52.294144206225425
52.31613412581382
52.33812108341587
52.36010507218967
52.38208608527747
52.40406411580572
52.42603915688496
52.44801120160984
52.46998024305904
52.49194627429527
52.513909288365205
52.53586927829946
52.55782623711254
52.57978015780285
52.601731033352586
52.62367885672774
52.64562362087807
52.66756531873703
52.68950394322177
52.71143948723307
52.733371943655314
52.75530130535644
52.77722756518792
52.799150715984716
52.821070750565234
52.84298766173129
52.864901442268085
52.88681208494414
52.908719582511274
52.93062392770457
52.95252511324233
52.97442313182602
52.996317976140276
53.01820963885281
53.0400981126144
53.06198339005886
53.083865463802994
53.11603942193441
53.148243617853225
53.180478154272336
53.212743134253515
53.24503866120864
53.27736483890085
53.30972177144575
53.342109563312626
53.3745283193256
53.40697814466489
53.43945914486798
53.47197142583086
53.50451509380922
53.537090255419685
53.569697017641055
53.602335487815495
53.63500577364981
53.667707983216665
53.70044222495583
53.73320860767542
53.76600724055317
53.79883823313766
53.83170169534959
53.864597737483045
53.89752647020677
53.930488004565426
53.963482451980866
53.996509924253445
54.029570533563266
54.062664392471504
54.095791613921676
54.12895231124096
54.162146598141476
54.19537458872162
54.22863639746735
54.26193213925352
54.29526192934519
54.32862588339897
54.36202411746432
54.395456747984916
54.42892389179996
54.46242566614555
54.49596218865601
54.52953357736524
54.56313995070811
54.59678142752177
54.63045812704704
54.6641701689298
54.69791767322233
54.73170076038471
54.765519551286225
54.7993741672067
54.83326472983795
54.86719136128515
54.90115418406826
54.9351533211234
54.969188895804294
55.00326103188368
55.037369853554736
55.071515485432485
55.10569805255527
55.139917680386155
55.174174494814395
55.20846862215685
55.24280018915948
55.277169322998766
55.31157615128319
55.34602080205471
55.3805034037902
55.41502408540297
55.449582976244216
55.484180206104526
55.51881590521536
55.553490204250565
55.58820323432785
55.622955127010314
55.65774601430796
55.6925760286792
55.7274453030324
55.762353970727375
55.79730216557696
55.832290021848515
55.86731767426549
55.902385258008984
55.937492908719264
55.97264076249735
56.00782895590658
56.04305762597417
56.07832691019281
56.1136369465222
56.148987873390695
56.184379829696866
56.21981295481108
56.25528738857715
56.2908032713139
56.326360743816785
56.361959947359544
56.39760102369578
56.433284115060616
56.46900936417233
56.504776914233986
56.54058690893508
56.57643949245322
56.61233480945574
56.64827300510139
56.684254225042
56.720278615424164
56.756346322890906
56.792457494583374
56.82861227814253
56.86481082171085
56.90105327393402
56.93733978396266
56.97367050145404
57.01004557657376
57.04646515999754
57.0829294029129
57.11943845702094
57.155992474538046
57.19259160819766
57.22923601125204
57.26592583747402
57.30266124115878
57.3394423771256
57.376269400719664
57.413142467813834
57.45006173481046
57.48702735864316
57.52403949677862
57.56109830721842
57.59820394850086
57.635356579702744
57.672556360441256
57.70980345087576
57.74709801170967
57.784440204192265
57.82183019012058
57.85926813184123
57.89675419225231
57.93428853480525
57.97187132350669
58.00950272292039
58.04718289816909
58.084912014936435
58.122690239468874
58.16051773857755
58.19839467964026
58.23632123060334
58.274297559983616
58.31232383687035
58.35040023092716
58.38852691239398
58.426704052089036
58.46493182141079
58.50321039233991
58.541539937441264
58.579920629865896
58.618352643353006
58.65683615223196
58.695371331424305
58.733958356445754
58.77259740340823
58.81128864902187
58.85003227059707
58.888828446046524
58.92767735388726
58.966579173242714
59.00553408384476
59.04454226603579
59.083603900770804
59.12271916961947
59.16188825476822
59.20111133902235
59.24038860580809
59.27972023917478
59.31910642379692
59.358547344976316
59.39804318864423
59.43759414136349
59.47720039033066
59.51686212337816
59.55657952897647
59.59635279623626
59.63618211491058
59.67606767539705
59.71600966874003
59.75600828663282
59.7960637214199
59.83617616609907
59.876345814323756
59.91657286040516
59.95685749931455
59.99719992668547
60.037600338816
60.07805893267101
60.11857590588444
60.15915145676155
60.199785784281204
60.24047908809818
60.28123156854545
60.322043426636476
60.362914864067534
60.40384608322003
60.444837287162834
60.48588867965459
60.5270004651461
60.56817284878264
60.60940603640633
60.6507002345585
60.692055650482075
60.73347249212395
60.77495096813738
60.81649128788438
60.85809366143814
60.89975829958543
60.94148541382903
60.98327521639015
61.0251279202109
61.06704373895671
61.1090228870188
61.15106557951664
61.193172032300424
61.235342461953564
61.27757708579516
61.31987612188251
61.36223978901362
61.404668306729725
61.4471618953178
61.48972077581309
61.53234517000168
61.57503530042302
61.617791390372474
61.66061366390393
61.703502345832334
61.7464576617363
61.78947983796069
61.83256910161923
61.8757256805971
61.91894980355359
61.9622416999247
62.005601599925775
62.04902973455419
62.092526335591955
62.13609163560842
62.17972586796294
62.22342926680753
62.267202067089606
62.31104450455466
62.35495681574896
62.3989392380223
62.442992009530705
62.48711536923917
62.53130955692443
62.57557481317769
62.619911379407405
62.66431949784207
62.708799411532986
62.753351364357044
62.79797560101956
62.84267236705708
62.88744190884018
62.93228447357633
62.97720030931273
63.022189664939134
63.06725279019076
63.11238993565111
63.157601352754895
63.20288729379091
63.24824801190493
63.29368376110262
63.33919479625248
63.38478137308873
63.430443748214294
63.47618217910374
63.52199692410622
63.56788824244847
63.613856394237764
63.65990164046494
63.70602424300735
63.75222446463192
63.79850256899816
63.84485882066117
63.89129348507472
63.93780682859426
63.984399118480034
64.0310706229001
64.07782161093346
64.12465235257311
64.1715631187292
64.2185541812321
64.26562581283554
64.31277828721976
64.36001187899464
64.40732686370288
64.45472351782314
64.50220211877324
64.54976294491333
64.59740627554912
64.64513239093507
64.69294157227763
64.74083410173844
64.78881026243762
64.83687033845699
64.88501461484336
64.93324337761179
64.98155691374889
65.02995551121612
65.07843945895308
65.1270090468809
65.17566456590546
65.22440630792084
65.27323456581264
65.32214963346134
65.37115180574565
65.420241378546
65.46941864874782
65.51868391424505
65.56803747394349
65.61747962776431
65.66701067664745
65.7166309225551
65.76634066847515
65.81614021842472
65.86602987745361
65.91600995164782
65.96608074813308
66.01624257507837
66.06649574169947
66.11684055826255
66.16727733608766
66.21780638755237
66.26842802609535
66.31914256621997
66.36995032349792
66.42085161457283
66.4718467571639
66.52293607006962
66.57411987317133
66.625398487437
66.67677223492484
66.72824143878708
66.77980642327361
66.83146751373576
66.88322503663002
66.93507931952182
66.98703069108925
67.03907948112688
67.09122602054953
67.1434706413961
67.19581367683337
67.24825546115981
67.30079632980949
67.35343661935585
67.40617666751564
67.45901681315277
67.51195739628224
67.564998758074
67.6181412408569
67.67138518812264
67.72473094452971
67.77817885590733
67.83172926925944
67.88538253276873
67.93913899580059
67.99299900890713
68.04696292383127
68.10103109351071
68.15520387208204
68.2094816148848
68.26386467846552
68.31835342058191
68.37294820020692
68.42764937753284
68.48245731397552
68.53737237217842
68.5923949160169
68.64752531060232
68.70276392228627
68.75811111866477
68.81356726858252
68.8691327421371
68.92480791068327
68.98059314683724
69.0364888244809
69.09249531876617
69.1486130061193
69.20484226424523
69.26118347213185
69.31763701005444
69.37420325958001
69.43088260357172
69.48767542619318
69.54458211291302
69.6016030505092
69.65873862707352
69.71598923201606
69.77335525606966
69.83083709129443
69.88843513108222
69.94614977016118
70.00398140460032
70.06193043181398
70.11999725056648
70.17818226097668
70.23648586452256
70.29490846404589
70.3534504637568
70.41211226923846
70.47089428745176
70.52979692673992
70.5888205968333
70.64796570885402
70.70723267532071
70.76662191015328
70.82613382867761
70.88576884763043
70.94552738516404
71.00540986085113
71.0654166956896
71.12554831210744
71.18580513396753
71.24618758657257
71.30669609666992
71.36733109245657
71.42809300358397
71.48898226116307
71.54999929776922
71.61114454744717
71.67241844571602
71.7338214295743
71.79535393750494
71.8570164094803
71.91880928696726
71.98073301293233
72.04278803184667
72.10497478969125
72.16729373396197
72.22974531367478
72.29232997937089
72.35504818312191
72.41790037853507
72.48088702075842
72.5440085664861
72.60726547396354
72.67065820299277
72.73418721493769
72.79785297272939
72.86165594087143
72.92559658544525
72.98967537411546
73.05389277613529
73.1182492623519
73.18274530521188
73.24738137876665
73.31215795867787
73.37707552222298
73.44213454830063
73.50733551743622
73.57267891178742
73.63816521514971
73.70379491296197
73.76956849231198
73.83548644194212
73.90154925225495
73.96775741531883
74.0341114248736
74.10061177633627
74.16725896680668
74.23405349507327
74.30099586161876
74.36808656862593
74.43532611998339
74.50271502129138
74.57025377986761
74.63794290475303
74.70578290671774
74.77377429826683
74.8419175936463
74.91021330884895
74.97866196162033
75.0472640714647
75.11602015965096
75.18493074921871
75.25399636498422
75.32321753354647
75.3925947832932
75.46212864440704
75.53181964887153
75.60166833047727
75.67167522482808
75.74184086934713
75.81216580328314
75.88265056771654
75.95329570556575
76.0241017615934
76.09506928241258
76.16619881649314
76.23749091416798
76.30894612763942
76.38056501098549
76.45234812016636
76.52429601303069
76.59640924932208
76.66868839068547
76.74113400067363
76.8137466447536
76.88652689031328
76.95947530666783
77.0325924650663
77.10587893869823
77.17933530270011
77.25296213416215
77.3267600121348
77.40072951763545
77.47487123365515
77.54918574516523
77.6236736391241
77.69833550448398
77.77317193219763
77.84818351522522
77.92337084854108
77.9987345291406
78.07427515604705
78.14999333031848
78.22588965505466
78.30196473540397
78.37821917857039
78.45465359382047
78.53126859249033
78.60806478799275
78.6850427958241
78.76220323357157
78.83954672092013
78.91707387965974
78.99478533369249
79.07268170903976
79.15076363384942
79.22903173840307
79.30748665512324
79.38612901858075
79.4649594655019
79.5439786347759
79.62318716746212
79.70258570679752
79.78217489820405
79.86195538929601
79.9419278298876
80.02209287200029
80.10245116987036
80.18300337995646
80.2637501609471
80.34469217376825
80.42583008159096
80.50716454983893
80.58869624619622
80.67042584061488
80.75235400532273
80.83448141483098
80.91680874594208
80.99933667775747
81.08206589168537
81.16499707144865
81.24813090309267
81.33146807499318
81.41500927786421
81.49875520476607
81.58270655111326
81.66686401468249
81.75122829562072
81.83580009645318
81.92058012209148
82.00556907984168
82.09076767941247
82.17617663292327
82.26179665491252
82.34762846234575
82.43367277462397
82.51993031359186
82.60640180354605
82.69308797124356
82.77998954591004
82.86710725924821
82.95444184544627
83.04199404118633
83.12976458565291
83.2177542205414
83.30596369006662
83.39439374097137
83.483045122535
83.57191858658207
83.66101488749094
83.75033478220246
83.83987903022873
83.92964839366175
84.01964363718226
84.10986552806845
84.20031483620488
84.29099233409124
84.38189879685132
84.47303500224184
84.56440173066146
84.6559997651597
84.74782989144603
84.83989289789878
84.93218957557431
85.02472071821609
85.11748712226375
85.21048958686237
85.30372891387152
85.39720590787462
85.4909213761881
85.58487612887072
85.67907097873288
85.77350674134595
85.86818423505171
85.96310428097166
86.05826770301655
86.15367532789581
86.24932798512707
86.3452265070457
86.44137172881437
86.5377644884327
86.6344056267468
86.73129598745903
86.8284364171377
86.92582776522671
87.02347088405544
87.12136662884848
87.21951585773546
87.31791943176096
87.41657821489437
87.51549307403988
87.61466487904637
87.7140945027175
87.81378282082167
87.91373071210214
88.0139390582871
88.11440874409983
88.21514065726892
88.31613568853837
88.41739473167793
88.51891868349333
88.62070844383659
88.72276491561641
88.82508900480852
88.92768162046607
89.03054367473017
89.13367608284028
89.2370797631448
89.34075563711163
89.4447046293387
89.5489276675647
89.65342568267967
89.75819960873574
89.86325038295786
89.9685789457546
90.07418624072892
90.18007321468906
90.28624081765943
90.3926900028915
90.49942172687477
90.60643694934781
90.71373663330925
90.82132174502888
90.92919325405875
91.0373521332443
91.14579935873559
91.25453590999851
91.36356276982605
91.47288092434954
91.58249136305008
91.69239507876986
91.80259306772362
91.91308632951004
92.0238758671233
92.13496268696458
92.24634779885368
92.35803221604053
92.47001695521695
92.58230303652829
92.69489148358518
92.80778332347526
92.92097958677505
93.03448130756175
93.14828952342518
93.26240527547965
63.7550157747621
63.769129213926924
63.783211542209884
63.797262653932336
63.811282443056655
63.825270803185035
63.83922762755824
63.8531528090544
63.86704624018777
63.880907813107484
63.89473741959633
63.90853495106951
63.92230029857336
63.936033352784136
63.94973400400672
63.9634021421734
63.97703765684256
63.99064043719745
64.00421037204488
64.01774734981396
64.03125125855482
64.0447219859373
64.05815941924968
64.07156344539737
64.08493395090163
64.09827082189824
64.1115739441362
64.12484320297642
64.1380784833904
64.15127966995891
64.16444664687066
64.17757929792097
64.19067750651041
64.20374115564351
64.21677012792738
64.22976430557033
64.2427235703806
64.25564780376493
64.2685368867272
64.28139069986712
64.29420912337878
64.30699203704933
64.31973932025755
64.33245085197254
64.34512651075221
64.35776617474201
64.37036972167344
64.38293702886267
64.39546797320915
64.40796243119418
64.42042027887946
64.43284139190571
64.44522564549122
64.45757291443043
64.46988307309245
64.48215599541965
64.49439155492621
64.50658962469667
64.51875007738444
64.53087278521035
64.5429576199612
64.55500445298826
64.5670131552058
64.57898359708963
64.59091564867556
64.60280917955794
64.61466405888814
64.62648015537309
64.63825733727371
64.64999547240346
64.66169442812674
64.67335407135742
64.68497426855733
64.69655488573464
64.7080957884424
64.71959684177699
64.73105791037649
64.74247885841922
64.75385954962212
64.7651998472392
64.77649961405996
64.78775871240782
64.79897700413856
64.81015435063867
64.8212906128238
64.83238565113717
64.84343932554793
64.8544514955496
64.86542202015836
64.87635075791157
64.88723756686599
64.89808230459627
64.90888482819325
64.91964499426231
64.93036265892178
64.94103767780123
64.95166990603983
64.96225919828466
64.97280540868907
64.98330839091102
64.99376799811134
65.00418408295207
65.01455649759478
65.02488509369886
65.0351697224198
65.04541023440748
65.0556064798045
65.06575830824437
65.07586556884986
65.08592811023124
65.0959457804845
65.10591842718966
65.11584589740902
65.1257280376853
65.13556469404003
65.14535571197165
65.1551009364538
65.16480021193354
65.17445338232949
65.18406029103014
65.19362078089196
65.20313469423766
65.21260187285432
65.2220221579916
65.23139539035992
65.24072141012861
65.25000005692411
65.25923116982804
65.26841458737546
65.27755014755293
65.28663768779668
65.29567704499075
65.3046680554651
65.31361055499372
65.32250437879273
65.33134936151855
65.34014533726594
65.34889213956609
65.35758960138473
65.36623755512021
65.37483583260156
65.38338426508656
65.3918826832598
65.40033091723072
65.40872879653169
65.41707615011602
65.425372806356
65.43361859304092
65.44181333737512
65.44995686597596
65.45804900487187
65.4660895795003
65.47407841470577
65.4820153347378
65.4899001632489
65.4977327232926
65.50551283732133
65.51324032718446
65.52091501412617
65.52853671878347
65.53610526118409
65.5436204607444
65.5510821362674
65.55849010594055
65.56584418733375
65.57314419739721
65.58038995245936
65.58758126822468
65.59471795977169
65.60179984155072
65.60882672738182
65.61579843045266
65.62271476331627
65.62957553788901
65.63638056544832
65.64312965663059
65.64982262142898
65.6564592691912
65.66303940861738
65.66956284775782
65.67602939401078
65.68243885412032
65.68879103417402
65.69508573960076
65.70132277516849
65.70750194498203
65.71362305248074
65.7196859004363
65.72569029095044
65.73163602545266
65.73752290469795
65.74335072876451
65.74911929705142
65.75482840827635
65.76047786047326
65.76606745099005
65.77159697648625
65.77706623293068
65.78247501559909
65.78782311907183
65.79311033723145
65.79833646326037
65.80350128963846
65.80860460814071
65.8136462098348
65.81862588507867
65.82354342351817
65.8283986140846
65.83319124499229
65.83792110373616
65.84258797708932
65.84719165110054
65.85173191109186
65.85620854165609
65.86062132665431
65.86497004921345
65.86925449172375
65.87347443583623
65.87762966246025
65.88171995176094
65.88574508315669
65.8897048353166
65.89359898615798
65.89742731284372
65.90118959177977
65.90488559861258
65.90851510822652
65.91207789474127
65.91557373150921
65.91900239111285
65.92236364536222
65.9256572652922
65.9288830211599
65.93204068244206
65.93513001783236
65.93815079523878
65.9411027817809
65.94398574378724
65.9467994467926
65.94954365553532
65.9522181339546
65.95482264518779
65.95735695156765
65.9598208146196
65.96221399505905
65.96453625278853
65.96678734689506
65.96896703564728
65.97107507649274
65.97311122605504
65.9750752401311
65.97696687368833
65.97878588086175
65.98053201495127
65.98220502841876
65.98380467288528
65.98533069912818
65.98678285707823
65.98816089581672
65.98946456357268
65.99069360771988
65.99184777477394
65.99292681038948
65.9939304593571
65.99485846560053
65.99571057217364
65.9964865212575
65.99718605415738
65.99780891129986
65.99835483222975
65.99882355560715
65.99921481920443
65.99952835990321
65.99976391369134
65.99992121565987
66.0
66.0
