35.96974448832626
35.97153402067826
35.97332355303026
35.97511308538226
35.97690261773426
35.97869215008626
35.98048168243827
35.982271214790266
35.984060747142266
35.985850279494265
35.987639811846265
35.989429344198264
35.99121887655026
35.99300840890226
35.99479794125426
35.99658747360626
35.99837700595826
36.00016653831026
36.00195607066227
36.003745603014266
36.005535135366266
36.007324667718265
36.009114200070265
36.010903732422264
36.01269326477426
36.01448279712626
36.01627232947826
36.01806186183026
36.01985139418226
36.02164092653426
36.02343045888627
36.02521999123827
36.027009523590266
36.028799055942265
36.030588588294265
36.032378120646264
36.03416765299826
36.03595718535026
36.03774671770226
36.03953625005426
36.04132578240626
36.04311531475826
36.04490484711027
36.04669437946227
36.048483911814266
36.050273444166265
36.052062976518265
36.053852508870264
36.055642041222264
36.05743157357426
36.05922110592626
36.06101063827826
36.06280017063026
36.06458970298226
36.06637923533427
36.06816876768627
36.069958300038266
36.071747832390265
36.073537364742265
36.075326897094264
36.077116429446264
36.07890596179826
36.08069549415026
36.08248502650226
36.08427455885426
36.08606409120626
36.08785362355827
36.08964315591027
36.091432688262266
36.093222220614265
36.095011752966265
36.096801285318264
36.098590817670264
36.10038035002226
36.10216988237426
36.10395941472626
36.10574894707826
36.10753847943026
36.10932801178227
36.11111754413427
36.112907076486266
36.114696608838265
36.116486141190265
36.118275673542264
36.120065205894264
36.12185473824626
36.12364427059826
36.12543380295026
36.12722333530226
36.12901286765426
36.13080240000627
36.13259193235827
36.134381464710266
36.136170997062266
36.137960529414265
36.139750061766264
36.141539594118264
36.14332912647026
36.14511865882226
36.14690819117426
36.14869772352626
36.15048725587826
36.15227678823027
36.15406632058227
36.155855852934266
36.157645385286266
36.159434917638265
36.161224449990264
36.163013982342264
36.16480351469426
36.16659304704626
36.16838257939826
36.17017211175026
36.17196164410226
36.17375117645427
36.17554070880627
36.177330241158266
36.179119773510266
36.180909305862265
36.182698838214264
36.184488370566264
36.18627790291826
36.18806743527026
36.18985696762226
36.19164649997426
36.19343603232626
36.19522556467827
36.19701509703027
36.198804629382266
36.200594161734266
36.202383694086265
36.204173226438265
36.205962758790264
36.20775229114226
36.20954182349426
36.21133135584626
36.21312088819826
36.21491042055026
36.21669995290227
36.21848948525427
36.220279017606266
36.222068549958266
36.223858082310265
36.225647614662265
36.227437147014264
36.22922667936626
36.23101621171826
36.23280574407026
36.23459527642226
36.23638480877426
36.23817434112626
36.23996387347827
36.241753405830266
36.243542938182266
36.245332470534265
36.247122002886265
36.248911535238264
36.25070106759026
36.25249059994226
36.25428013229426
36.25606966464626
36.25785919699826
36.25964872935026
36.26143826170227
36.263227794054266
36.265017326406266
36.266806858758265
36.268596391110265
36.270385923462264
36.27217545581426
36.27396498816626
36.27575452051826
36.27754405287026
36.27933358522226
36.28112311757426
36.28291264992627
36.28470218227827
36.286491714630266
36.288281246982265
36.290070779334265
36.291860311686264
36.29364984403826
36.29543937639026
36.29722890874226
36.29901844109426
36.30080797344626
36.30259750579826
36.30438703815027
36.30617657050227
36.307966102854266
36.309755635206265
36.311545167558265
36.313334699910264
36.315124232262264
36.31691376461426
36.31870329696626
36.32049282931826
36.32228236167026
36.32407189402226
36.32586142637427
36.32765095872627
36.329440491078266
36.331230023430265
36.333019555782265
36.334809088134264
36.336598620486264
36.33838815283826
36.34017768519026
36.34196721754226
36.34375674989426
36.34554628224626
36.34733581459827
36.34912534695027
36.350914879302266
36.352704411654265
36.354493944006265
36.356283476358264
36.358073008710264
36.35986254106226
36.36165207341426
36.36344160576626
36.36523113811826
36.36702067047026
36.36881020282227
36.37059973517427
36.372389267526266
36.374178799878266
36.375968332230265
36.377757864582264
36.379547396934264
36.38133692928626
36.38312646163826
36.38491599399026
36.38670552634226
36.38849505869426
36.39028459104627
36.39207412339827
36.393863655750266
36.395653188102266
36.397442720454265
36.399232252806264
36.401021785158264
36.40281131751026
36.40460084986226
36.40639038221426
36.40817991456626
36.40996944691826
36.41175897927027
36.41354851162227
36.415338043974266
36.417127576326266
36.418917108678265
36.420706641030264
36.422496173382264
36.42428570573426
36.42607523808626
36.42786477043826
36.42965430279026
36.43144383514226
36.43323336749427
36.43502289984627
36.436812432198266
36.438601964550266
36.440391496902265
36.442181029254265
36.443970561606264
36.44576009395826
36.44754962631026
36.44933915866226
36.45112869101426
36.45291822336626
36.45470775571827
36.45649728807027
36.458286820422266
36.460076352774266
36.461865885126265
36.463655417478265
36.465444949830264
36.46723448218226
36.46902401453426
36.47081354688626
36.47260307923826
36.47439261159026
36.47618214394227
36.47797167629427
36.479761208646266
36.481550740998266
36.483340273350265
36.485129805702265
36.486919338054264
36.48870887040626
36.49049840275826
36.49228793511026
36.49407746746226
36.49586699981426
36.49765653216626
36.49944606451827
36.501235596870266
36.503025129222266
36.504814661574265
36.506604193926265
36.508393726278264
36.51018325863026
36.51197279098226
36.51376232333426
36.51555185568626
36.51734138803826
36.51913092039026
36.52092045274227
36.52270998509427
36.524499517446266
36.526289049798265
36.528078582150265
36.529868114502264
36.53165764685426
36.53344717920626
36.53523671155826
36.53702624391026
36.53881577626226
36.54060530861426
36.54239484096627
36.54418437331827
36.545973905670266
36.547763438022265
36.549552970374265
36.551342502726264
36.553132035078264
36.55492156743026
36.55671109978226
36.55850063213426
36.56029016448626
36.56207969683826
36.56386922919027
36.56565876154227
36.567448293894266
36.569237826246265
36.571027358598265
36.572816890950264
36.574606423302264
36.57639595565426
36.57818548800626
36.57997502035826
36.58176455271026
36.58355408506226
36.58534361741427
36.58713314976627
36.588922682118266
36.590712214470265
36.592501746822265
36.594291279174264
36.596080811526264
36.59787034387826
36.59965987623026
36.60144940858226
36.60323894093426
36.60502847328626
36.60681800563827
36.60860753799027
36.610397070342266
36.612186602694266
36.613976135046265
36.615765667398264
36.617555199750264
36.61934473210226
36.62113426445426
36.62292379680626
36.62471332915826
36.62650286151026
36.62829239386227
36.63008192621427
36.631871458566266
36.633660990918266
36.635450523270265
36.637240055622264
36.639029587974264
36.64081912032626
36.64260865267826
36.64439818503026
36.64618771738226
36.64797724973426
36.64976678208627
36.65155631443827
36.653345846790266
36.655135379142266
36.656924911494265
36.658714443846264
36.660503976198264
36.66229350855026
36.66408304090226
36.66587257325426
36.66766210560626
36.66945163795826
36.67124117031027
36.67303070266227
36.674820235014266
36.676609767366266
36.678399299718265
36.680188832070264
36.681978364422264
36.68376789677426
36.68555742912626
36.68734696147826
36.68913649383026
36.69092602618226
36.69271555853427
36.69450509088627
36.696294623238266
36.698084155590266
36.699873687942265
36.701663220294265
36.703452752646264
36.70524228499826
36.70703181735026
36.70882134970226
36.71061088205426
36.71240041440626
36.71418994675827
36.71597947911027
36.717769011462266
36.719558543814266
36.721348076166265
36.723137608518265
36.724927140870264
36.72671667322226
36.72850620557426
36.73029573792626
36.73208527027826
36.73387480263026
36.73566433498226
36.73745386733427
36.739243399686266
36.741032932038266
36.742822464390265
36.744611996742265
36.746401529094264
36.74819106144626
36.74998059379826
36.75177012615026
36.75355965850226
36.75534919085426
36.75713872320627
36.75892825555827
36.76071778791027
36.762507320262266
36.764296852614265
36.766086384966265
36.767875917318264
36.76966544967026
36.77145498202226
36.77324451437426
36.77503404672626
36.77682357907826
36.77861311143026
36.78040264378227
36.78219217613427
36.783981708486266
36.785771240838265
36.787560773190265
36.789350305542264
36.791139837894264
36.79292937024626
36.79471890259826
36.79650843495026
36.79829796730226
36.80008749965426
36.80187703200627
36.80366656435827
36.805456096710266
36.807245629062265
36.809035161414265
36.810824693766264
36.812614226118264
36.81440375847026
36.81619329082226
36.81798282317426
36.81977235552626
36.82156188787826
36.82335142023027
36.82514095258227
36.826930484934266
36.828720017286265
36.830509549638265
36.832299081990264
36.834088614342264
36.83587814669426
36.83766767904626
36.83945721139826
36.84124674375026
36.84303627610226
36.84482580845427
36.84661534080627
36.848404873158266
36.850194405510265
36.851983937862265
36.853773470214264
36.855563002566264
36.85735253491826
36.85914206727026
36.86093159962226
36.86272113197426
36.86451066432626
36.86630019667827
36.86808972903027
36.869879261382266
36.871668793734266
36.873458326086265
36.875247858438264
36.877037390790264
36.87882692314226
36.88061645549426
36.88240598784626
36.88419552019826
36.88598505255026
36.88777458490227
36.88956411725427
36.891353649606266
36.893143181958266
36.894932714310265
36.896722246662264
36.898511779014264
36.90030131136626
36.90209084371826
36.90388037607026
36.90566990842226
36.90745944077426
36.90924897312627
36.91103850547827
36.912828037830266
36.914617570182266
36.916407102534265
36.918196634886264
36.919986167238264
36.92177569959026
36.92356523194226
36.92535476429426
36.92714429664626
36.92893382899826
36.93072336135027
36.93251289370227
36.934302426054266
36.936091958406266
36.937881490758265
36.939671023110265
36.941460555462264
36.94325008781426
36.94503962016626
36.94682915251826
36.94861868487026
36.95040821722226
36.95219774957427
36.95398728192627
36.955776814278266
36.957566346630266
36.959355878982265
36.961145411334265
36.962934943686264
36.96472447603826
36.96651400839026
36.96830354074226
36.97009307309426
36.97188260544626
36.97367213779826
36.97546167015027
36.977251202502266
36.979040734854266
36.980830267206265
36.982619799558265
36.984409331910264
36.98619886426226
36.98798839661426
36.98977792896626
36.99156746131826
36.99335699367026
36.99514652602227
36.99693605837427
36.998725590726266
37.000515123078266
37.002304655430265
37.004094187782265
37.005883720134264
37.00767325248626
37.00946278483826
37.01125231719026
37.01304184954226
37.01483138189426
37.01662091424626
37.01841044659827
37.02019997895027
37.021989511302266
37.023779043654265
37.025568576006265
37.027358108358264
37.02914764071026
37.03093717306226
37.03272670541426
37.03451623776626
37.03630577011826
37.03809530247027
37.03988483482227
37.04167436717427
37.043463899526266
37.045253431878265
37.047042964230265
37.048832496582264
37.050622028934264
37.05241156128626
37.05420109363826
37.05599062599026
37.05778015834226
37.05956969069426
37.06135922304627
37.06314875539827
37.064938287750266
37.066727820102265
37.068517352454265
37.070306884806264
37.072096417158264
37.07388594951026
37.07567548186226
37.07746501421426
37.07925454656626
37.08104407891826
37.08283361127027
37.08462314362227
37.086412675974266
37.088202208326265
37.089991740678265
37.091781273030264
37.093570805382264
37.09536033773426
37.09714987008626
37.09893940243826
37.10072893479026
37.10251846714226
37.10430799949427
37.10609753184627
37.107887064198266
37.109676596550266
37.111466128902265
37.113255661254264
37.115045193606264
37.11683472595826
37.11862425831026
37.12041379066226
37.12220332301426
37.12399285536626
37.12578238771827
37.12757192007027
37.129361452422266
37.131150984774266
37.132940517126265
37.134730049478264
37.136519581830264
37.13830911418226
37.14009864653426
37.14188817888626
37.14367771123826
37.14546724359026
37.14725677594227
37.14904630829427
37.150835840646266
37.152625372998266
37.154414905350265
37.156204437702264
37.157993970054264
37.15978350240626
37.16157303475826
37.16336256711026
37.16515209946226
37.16694163181426
37.16873116416627
37.17052069651827
37.172310228870266
37.174099761222266
37.175889293574265
37.177678825926264
37.179468358278264
37.18125789063026
37.18304742298226
37.18483695533426
37.18662648768626
37.18841602003826
37.19020555239027
37.19199508474227
37.193784617094266
37.195574149446266
37.197363681798265
37.199153214150265
37.200942746502264
37.20273227885426
37.20452181120626
37.20631134355826
37.20810087591026
37.20989040826226
37.21167994061427
37.21346947296627
37.215259005318266
37.217048537670266
37.218838070022265
37.220627602374265
37.222417134726264
37.22420666707826
37.22599619943026
37.22778573178226
37.22957526413426
37.23136479648626
37.23315432883827
37.23494386119027
37.236733393542266
37.238522925894266
37.240312458246265
37.242101990598265
37.243891522950264
37.24568105530226
37.24747058765426
37.24926012000626
37.25104965235826
37.25283918471026
37.25462871706226
37.25641824941427
37.25820778176627
37.259997314118266
37.261786846470265
37.263576378822265
37.265365911174264
37.26715544352626
37.26894497587826
37.27073450823026
37.27252404058226
37.27431357293426
37.27610310528626
37.27789263763827
37.27968216999027
37.281471702342266
37.283261234694265
37.285050767046265
37.286840299398264
37.288629831750264
37.29041936410226
37.29220889645426
37.29399842880626
37.29578796115826
37.29757749351026
37.29936702586227
37.30115655821427
37.302946090566266
37.304735622918265
37.306525155270265
37.308314687622264
37.310104219974264
37.31189375232626
37.31368328467826
37.31547281703026
37.31726234938226
37.31905188173427
37.32084141408627
37.32263094643827
37.324420478790266
37.326210011142265
37.327999543494265
37.329789075846264
37.331578608198264
37.33336814055026
37.33515767290226
37.33694720525426
37.33873673760626
37.34052626995826
37.34231580231027
37.34410533466227
37.345894867014266
37.347684399366265
37.349473931718265
37.351263464070264
37.353052996422264
37.35484252877426
37.35663206112626
37.35842159347826
37.36021112583026
37.36200065818226
37.36379019053427
37.36557972288627
37.367369255238266
37.369158787590266
37.370948319942265
37.372737852294264
37.374527384646264
37.37631691699826
37.37810644935026
37.37989598170226
37.38168551405426
37.38347504640626
37.38526457875827
37.38705411111027
37.388843643462266
37.390633175814266
37.392422708166265
37.394212240518264
37.396001772870264
37.39779130522226
37.39958083757426
37.40137036992626
37.40315990227826
37.40494943463026
37.40673896698227
37.40852849933427
37.410318031686266
37.412107564038266
37.413897096390265
37.415686628742264
37.417476161094264
37.41926569344626
37.42105522579826
37.42284475815026
37.42463429050226
37.42642382285426
37.42821335520627
37.43000288755827
37.431792419910266
37.433581952262266
37.435371484614265
37.437161016966265
37.438950549318264
37.44074008167026
37.44252961402226
37.44431914637426
37.44610867872626
37.44789821107826
37.44968774343027
37.45147727578227
37.453266808134266
37.455056340486266
37.456845872838265
37.458635405190265
37.460424937542264
37.46221446989426
37.46400400224626
37.46579353459826
37.46758306695026
37.46937259930226
37.47116213165427
37.47295166400627
37.474741196358266
37.476530728710266
37.478320261062265
37.480109793414265
37.481899325766264
37.48368885811826
37.48547839047026
37.48726792282226
37.48905745517426
37.49084698752626
37.49263651987826
37.49442605223027
37.496215584582266
37.498005116934266
37.499794649286265
37.501584181638265
37.503373713990264
37.50516324634226
37.50695277869426
37.50874231104626
37.51053184339826
37.51232137575026
37.51411090810227
37.51590044045427
37.51768997280627
37.519479505158266
37.521269037510265
37.523058569862265
37.524848102214264
37.526637634566264
37.52842716691826
37.53021669927026
37.53200623162226
37.53379576397426
37.53558529632626
37.53737482867827
37.53916436103027
37.540953893382266
37.542743425734265
37.544532958086265
37.546322490438264
37.548112022790264
37.54990155514226
37.55169108749426
37.55348061984626
37.55527015219826
37.55705968455026
37.55884921690227
37.56063874925427
37.562428281606266
37.564217813958265
37.566007346310265
37.567796878662264
37.569586411014264
37.57137594336626
37.57316547571826
37.57495500807026
37.57674454042226
37.57853407277426
37.58032360512627
37.58211313747827
37.583902669830266
37.585692202182265
37.587481734534265
37.589271266886264
37.591060799238264
37.59285033159026
37.59463986394226
37.59642939629426
37.59821892864626
37.60000846099826
37.60179799335027
37.60358752570227
37.605377058054266
37.607166590406266
37.608956122758265
37.610745655110264
37.612535187462264
37.61432471981426
37.61611425216626
37.61790378451826
37.61969331687026
37.62148284922226
37.62327238157427
37.62506191392627
37.626851446278266
37.628640978630266
37.630430510982265
37.632220043334264
37.634009575686264
37.63579910803826
37.63758864039026
37.63937817274226
37.64116770509426
37.64295723744626
37.64474676979827
37.64653630215027
37.648325834502266
37.650115366854266
37.651904899206265
37.653694431558264
37.655483963910264
37.65727349626226
37.65906302861426
37.66085256096626
37.66264209331826
37.66443162567026
37.66622115802227
37.66801069037427
37.669800222726266
37.671589755078266
37.673379287430265
37.675168819782265
37.676958352134264
37.67874788448626
37.68053741683826
37.68232694919026
37.68411648154226
37.68590601389426
37.68769554624626
37.68948507859827
37.691274610950266
37.693064143302266
37.694853675654265
37.696643208006265
37.698432740358264
37.70022227271026
37.70201180506226
37.70380133741426
37.70559086976626
37.70738040211826
37.70916993447027
37.71095946682227
37.712748999174266
37.714538531526266
37.716328063878265
37.718117596230265
37.719907128582264
37.72169666093426
37.72348619328626
37.72527572563826
37.72706525799026
37.72885479034226
37.73064432269427
37.73243385504627
37.734223387398266
37.736012919750266
37.737802452102265
37.739591984454265
37.741381516806264
37.74317104915826
37.74496058151026
37.74675011386226
37.74853964621426
37.75032917856626
37.75211871091827
37.75390824327027
37.75569777562227
37.757487307974266
37.759276840326265
37.761066372678265
37.762855905030264
37.76464543738226
37.76643496973426
37.76822450208626
37.77001403443826
37.77180356679026
37.77359309914226
37.77538263149427
37.77717216384627
37.778961696198266
37.780751228550265
37.782540760902265
37.784330293254264
37.786119825606264
37.78790935795826
37.78969889031026
37.79148842266226
37.79327795501426
37.79506748736627
37.79685701971827
37.79864655207027
37.800436084422266
37.802225616774265
37.804015149126265
37.805804681478264
37.807594213830264
37.80938374618226
37.81117327853426
37.81296281088626
37.81475234323826
37.81654187559026
37.81833140794227
37.82012094029427
37.821910472646266
37.823700004998265
37.825489537350265
37.827279069702264
37.829068602054264
37.83085813440626
37.83264766675826
37.83443719911026
37.83622673146226
37.83801626381426
37.83980579616627
37.84159532851827
37.843384860870266
37.845174393222266
37.846963925574265
37.848753457926264
37.850542990278264
37.85233252263026
37.85412205498226
37.85591158733426
37.85770111968626
37.85949065203826
37.86128018439027
37.86306971674227
37.864859249094266
37.866648781446266
37.868438313798265
37.870227846150264
37.872017378502264
37.87380691085426
37.87559644320626
37.87738597555826
37.87917550791026
37.88096504026226
37.88275457261427
37.88454410496627
37.886333637318266
37.888123169670266
37.889912702022265
37.891702234374264
37.893491766726264
37.89528129907826
37.89707083143026
37.89886036378226
37.90064989613426
37.90243942848626
37.90422896083827
37.90601849319027
37.907808025542266
37.909597557894266
37.911387090246265
37.913176622598264
37.914966154950264
37.91675568730226
37.91854521965426
37.92033475200626
37.92212428435826
37.92391381671026
37.92570334906227
37.92749288141427
37.929282413766266
37.931071946118266
37.932861478470265
37.934651010822265
37.936440543174264
37.93823007552626
37.94001960787826
37.94180914023026
37.94359867258226
37.94538820493426
37.94717773728627
37.94896726963827
37.950756801990266
37.952546334342266
37.954335866694265
37.956125399046265
37.957914931398264
37.95970446375026
37.96149399610226
37.96328352845426
37.96507306080626
37.96686259315826
37.96865212551026
37.97044165786227
37.972231190214266
37.974020722566266
37.975810254918265
37.977599787270265
37.979389319622264
37.98117885197426
37.98296838432626
37.98475791667826
37.98654744903026
37.98833698138226
37.99012651373427
37.99191604608627
37.99370557843827
37.995495110790266
37.997284643142265
37.999074175494265
38.000863707846264
38.00265324019826
38.00444277255026
38.00623230490226
38.00802183725426
38.00981136960626
38.01160090195826
38.01339043431027
38.01517996666227
38.016969499014266
38.018759031366265
38.020548563718265
38.022338096070264
38.024127628422264
38.02591716077426
38.02770669312626
38.02949622547826
38.03128575783026
38.03307529018227
38.03486482253427
38.03665435488627
38.038443887238266
38.040233419590265
38.042022951942265
38.043812484294264
38.045602016646264
38.04739154899826
38.04918108135026
38.05097061370226
38.05276014605426
38.05454967840626
38.05633921075827
38.05812874311027
38.059918275462266
38.061707807814265
38.063497340166265
38.065286872518264
38.067076404870264
38.06886593722226
38.07065546957426
38.07244500192626
38.07423453427826
38.07602406663027
38.07781359898227
38.07960313133427
38.081392663686266
38.083182196038265
38.084971728390265
38.086761260742264
38.088550793094264
38.09034032544626
38.09212985779826
38.09391939015026
38.09570892250226
38.09749845485426
38.09928798720627
38.10107751955827
38.102867051910266
38.104656584262266
38.106446116614265
38.108235648966264
38.110025181318264
38.11181471367026
38.11360424602226
38.11539377837426
38.11718331072626
38.11897284307827
38.12076237543027
38.12255190778227
38.124341440134266
38.126130972486266
38.127920504838265
38.129710037190264
38.131499569542264
38.13328910189426
38.13507863424626
38.13686816659826
38.13865769895026
38.14044723130226
38.14223676365427
38.14402629600627
38.145815828358266
38.147605360710266
38.149394893062265
38.151184425414264
38.152973957766264
38.15476349011826
38.15655302247026
38.15834255482226
38.16013208717426
38.16192161952626
38.16371115187827
38.16550068423027
38.167290216582266
38.169079748934266
38.170869281286265
38.172658813638265
38.174448345990264
38.17623787834226
38.17802741069426
38.17981694304626
38.18160647539826
38.18339600775026
38.18518554010227
38.18697507245427
38.188764604806266
38.190554137158266
38.192343669510265
38.194133201862265
38.195922734214264
38.19771226656626
38.19950179891826
38.20129133127026
38.20308086362226
38.20487039597426
38.20665992832627
38.20844946067827
38.210238993030266
38.212028525382266
38.213818057734265
38.215607590086265
38.217397122438264
38.21918665479026
38.22097618714226
38.22276571949426
38.22455525184626
38.22634478419826
38.22813431655027
38.22992384890227
38.231713381254266
38.233502913606266
38.235292445958265
38.237081978310265
38.238871510662264
38.24066104301426
38.24245057536626
38.24424010771826
38.24602964007026
38.24781917242226
38.24960870477426
38.25139823712627
38.25318776947827
38.254977301830266
38.256766834182265
38.258556366534265
38.260345898886264
38.26213543123826
38.26392496359026
38.26571449594226
38.26750402829426
38.26929356064626
38.27108309299827
38.27287262535027
38.27466215770227
38.276451690054266
38.278241222406265
38.280030754758265
38.281820287110264
38.283609819462264
38.28539935181426
38.28718888416626
38.28897841651826
38.29076794887026
38.29255748122226
38.29434701357427
38.29613654592627
38.297926078278266
38.299715610630265
38.301505142982265
38.303294675334264
38.305084207686264
38.30687374003826
38.30866327239026
38.31045280474226
38.31224233709426
38.31403186944626
38.31582140179827
38.31761093415027
38.319400466502266
38.321189998854265
38.322979531206265
38.324769063558264
38.326558595910264
38.32834812826226
38.33013766061426
38.33192719296626
38.33371672531826
38.33550625767026
38.33729579002227
38.33908532237427
38.340874854726266
38.342664387078266
38.344453919430265
38.346243451782264
38.348032984134264
38.34982251648626
38.35161204883826
38.35340158119026
38.35519111354226
38.35698064589427
38.35877017824627
38.36055971059827
38.362349242950266
38.364138775302266
38.365928307654265
38.367717840006264
38.369507372358264
38.37129690471026
38.37308643706226
38.37487596941426
38.37666550176626
38.37845503411826
38.38024456647027
38.38203409882227
38.383823631174266
38.385613163526266
38.387402695878265
38.389192228230264
38.390981760582264
38.39277129293426
38.39456082528626
38.39635035763826
38.39813988999026
38.39992942234226
38.40171895469426
38.40350848704627
38.405298019398266
38.407087551750266
38.408877084102265
38.410666616454264
38.412456148806264
38.41424568115826
38.41603521351026
38.41782474586226
38.41961427821426
38.42140381056626
38.42319334291827
38.42498287527027
38.426772407622266
38.428561939974266
38.430351472326265
38.432141004678265
38.433930537030264
38.43572006938226
38.43750960173426
38.43929913408626
38.44108866643826
38.44287819879026
38.44466773114226
38.44645726349427
38.448246795846266
38.450036328198266
38.451825860550265
38.453615392902265
38.455404925254264
38.45719445760626
38.45898398995826
38.46077352231026
38.46256305466226
38.46435258701426
38.46614211936627
38.46793165171827
38.469721184070266
38.471510716422266
38.473300248774265
38.475089781126265
38.476879313478264
38.47866884583026
38.48045837818226
38.48224791053426
38.48403744288626
38.48582697523826
38.48761650759026
38.48940603994227
38.49119557229427
38.492985104646266
38.494774636998265
38.496564169350265
38.498353701702264
38.50014323405426
38.50193276640626
38.50372229875826
38.50551183111026
38.50730136346226
38.50909089581427
38.51088042816627
38.51266996051827
38.514459492870266
38.516249025222265
38.518038557574265
38.519828089926264
38.521617622278264
38.52340715463026
38.52519668698226
38.52698621933426
38.52877575168626
38.53056528403826
38.53235481639027
38.53414434874227
38.535933881094266
38.537723413446265
38.539512945798265
38.541302478150264
38.543092010502264
38.54488154285426
38.54667107520626
38.54846060755826
38.55025013991026
38.55203967226227
38.55382920461427
38.55561873696627
38.557408269318266
38.559197801670265
38.560987334022265
38.562776866374264
38.564566398726264
38.56635593107826
38.56814546343026
38.56993499578226
38.57172452813426
38.57351406048626
38.57530359283827
38.57709312519027
38.578882657542266
38.580672189894266
38.582461722246265
38.584251254598264
38.586040786950264
38.58783031930226
38.58961985165426
38.59140938400626
38.59319891635826
38.59498844871026
38.59677798106227
38.59856751341427
38.600357045766266
38.602146578118266
38.603936110470265
38.605725642822264
38.607515175174264
38.60930470752626
38.61109423987826
38.61288377223026
38.61467330458226
38.61646283693426
38.61825236928627
38.62004190163827
38.621831433990266
38.623620966342266
38.625410498694265
38.627200031046264
38.628989563398264
38.63077909575026
38.63256862810226
38.63435816045426
38.63614769280626
38.63793722515827
38.63972675751027
38.64151628986227
38.643305822214266
38.645095354566266
38.646884886918265
38.648674419270264
38.650463951622264
38.65225348397426
38.65404301632626
38.65583254867826
38.65762208103026
38.65941161338226
38.66120114573427
38.66299067808627
38.664780210438266
38.666569742790266
38.668359275142265
38.670148807494265
38.671938339846264
38.67372787219826
38.67551740455026
38.67730693690226
38.67909646925426
38.68088600160626
38.68267553395826
38.68446506631027
38.686254598662266
38.688044131014266
38.689833663366265
38.691623195718265
38.693412728070264
38.69520226042226
38.69699179277426
38.69878132512626
38.70057085747826
38.70236038983026
38.70414992218227
38.70593945453427
38.707728986886266
38.709518519238266
38.711308051590265
38.713097583942265
38.714887116294264
38.71667664864626
38.71846618099826
38.72025571335026
38.72204524570226
38.72383477805426
38.72562431040626
38.72741384275827
38.72920337511027
38.730992907462266
38.732782439814265
38.734571972166265
38.736361504518264
38.73815103687026
38.73994056922226
38.74173010157426
38.74351963392626
38.74530916627826
38.74709869863027
38.74888823098227
38.75067776333427
38.752467295686266
38.754256828038265
38.756046360390265
38.757835892742264
38.759625425094264
38.76141495744626
38.76320448979826
38.76499402215026
38.76678355450226
38.76857308685426
38.77036261920627
38.77215215155827
38.773941683910266
38.775731216262265
38.777520748614265
38.779310280966264
38.781099813318264
38.78288934567026
38.78467887802226
38.78646841037426
38.78825794272626
38.79004747507827
38.79183700743027
38.79362653978227
38.795416072134266
38.797205604486265
38.798995136838265
38.800784669190264
38.802574201542264
38.80436373389426
38.80615326624626
38.80794279859826
38.80973233095026
38.81152186330226
38.81331139565427
38.81510092800627
38.816890460358266
38.818679992710265
38.820469525062265
38.822259057414264
38.824048589766264
38.82583812211826
38.82762765447026
38.82941718682226
38.83120671917426
38.83299625152627
38.83478578387827
38.83657531623027
38.838364848582266
38.840154380934266
38.841943913286265
38.843733445638264
38.845522977990264
38.84731251034226
38.84910204269426
38.85089157504626
38.85268110739826
38.85447063975026
38.85626017210227
38.85804970445427
38.859839236806266
38.861628769158266
38.863418301510265
38.865207833862264
38.866997366214264
38.86878689856626
38.87057643091826
38.87236596327026
38.87415549562226
38.87594502797426
38.87773456032627
38.87952409267827
38.881313625030266
38.883103157382266
38.884892689734265
38.886682222086264
38.888471754438264
38.89026128679026
38.89205081914226
38.89384035149426
38.89562988384626
38.89741941619826
38.89920894855027
38.90099848090227
38.902788013254266
38.904577545606266
38.906367077958265
38.908156610310265
38.909946142662264
38.91173567501426
38.91352520736626
38.91531473971826
38.91710427207026
38.91889380442227
38.92068333677427
38.92247286912627
38.924262401478266
38.926051933830266
38.927841466182265
38.929630998534265
38.931420530886264
38.93321006323826
38.93499959559026
38.93678912794226
38.93857866029426
38.94036819264626
38.94215772499827
38.94394725735027
38.945736789702266
38.947526322054266
38.949315854406265
38.951105386758265
38.952894919110264
38.95468445146226
38.95647398381426
38.95826351616626
38.96005304851826
38.96184258087026
38.96363211322226
38.96542164557427
38.967211177926266
38.969000710278266
38.970790242630265
38.972579774982265
38.974369307334264
38.97615883968626
38.97794837203826
38.97973790439026
38.98152743674226
38.98331696909426
38.98510650144627
38.98689603379827
38.98868556615027
38.990475098502266
38.992264630854265
38.994054163206265
38.995843695558264
38.99763322791026
38.99942276026226
39.00121229261426
39.00300182496626
39.00479135731826
39.00658088967026
39.00837042202227
39.01015995437427
39.011949486726266
39.013739019078265
39.015528551430265
39.017318083782264
39.019107616134264
39.02089714848626
39.02268668083826
39.02447621319026
39.02626574554226
39.02805527789427
39.02984481024627
39.03163434259827
39.033423874950266
39.035213407302265
39.037002939654265
39.038792472006264
39.040582004358264
39.04237153671026
39.04416106906226
39.04595060141426
39.04774013376626
39.04952966611826
39.05131919847027
39.05310873082227
39.054898263174266
39.056687795526265
39.058477327878265
39.060266860230264
39.062056392582264
39.06384592493426
39.06563545728626
39.06742498963826
39.06921452199026
39.07100405434227
39.07279358669427
39.07458311904627
39.076372651398266
39.078162183750266
39.079951716102265
39.081741248454264
39.083530780806264
39.08532031315826
39.08710984551026
39.08889937786226
39.09068891021426
39.09247844256626
39.09426797491827
39.09605750727027
39.097847039622266
39.099636571974266
39.101426104326265
39.103215636678264
39.105005169030264
39.10679470138226
39.10858423373426
39.11037376608626
39.11216329843826
39.11395283079027
39.11574236314227
39.11753189549427
39.119321427846266
39.121110960198266
39.122900492550265
39.124690024902264
39.126479557254264
39.12826908960626
39.13005862195826
39.13184815431026
39.13363768666226
39.13542721901426
39.13721675136627
39.13900628371827
39.140795816070266
39.142585348422266
39.144374880774265
39.146164413126264
39.147953945478264
39.14974347783026
39.15153301018226
39.15332254253426
39.15511207488626
39.15690160723826
39.15869113959027
39.16048067194227
39.162270204294266
39.164059736646266
39.165849268998265
39.167638801350265
39.169428333702264
39.17121786605426
39.17300739840626
39.17479693075826
39.17658646311026
39.17837599546226
39.18016552781427
39.18195506016627
39.183744592518266
39.185534124870266
39.187323657222265
39.189113189574265
39.190902721926264
39.19269225427826
39.19448178663026
39.19627131898226
39.19806085133426
39.19985038368626
39.20163991603827
39.20342944839027
39.205218980742266
39.207008513094266
39.208798045446265
39.210587577798265
39.212377110150264
39.21416664250226
39.21595617485426
39.21774570720626
39.21953523955826
39.22132477191026
39.22311430426227
39.22490383661427
39.22669336896627
39.228482901318266
39.230272433670265
39.232061966022265
39.233851498374264
39.23564103072626
39.23743056307826
39.23922009543026
39.24100962778226
39.24279916013426
39.24458869248626
39.24637822483827
39.24816775719027
39.249957289542266
39.251746821894265
39.253536354246265
39.255325886598264
39.257115418950264
39.25890495130226
39.26069448365426
39.26248401600626
39.26427354835826
39.26606308071027
39.26785261306227
39.26964214541427
39.271431677766266
39.273221210118265
39.275010742470265
39.276800274822264
39.278589807174264
39.28037933952626
39.28216887187826
39.28395840423026
39.28574793658226
39.28753746893426
39.28932700128627
39.29111653363827
39.292906065990266
39.294695598342265
39.296485130694265
39.298274663046264
39.300064195398264
39.30185372775026
39.30364326010226
39.30543279245426
39.30722232480626
39.30901185715827
39.31080138951027
39.31259092186227
39.314380454214266
39.316169986566265
39.317959518918265
39.319749051270264
39.321538583622264
39.32332811597426
39.32511764832626
39.32690718067826
39.32869671303026
39.33048624538226
39.33227577773427
39.33406531008627
39.335854842438266
39.337644374790266
39.339433907142265
39.341223439494264
39.343012971846264
39.34480250419826
39.34659203655026
39.34838156890226
39.35017110125426
39.35196063360627
39.35375016595827
39.35553969831027
39.357329230662266
39.359118763014266
39.360908295366265
39.362697827718264
39.364487360070264
39.36627689242226
39.36806642477426
39.36985595712626
39.37164548947826
39.37343502183026
39.37522455418227
39.37701408653427
39.378803618886266
39.380593151238266
39.382382683590265
39.384172215942264
39.385961748294264
39.38775128064626
39.38954081299826
39.39133034535026
39.39311987770226
39.39490941005427
39.39669894240627
39.39848847475827
39.400278007110266
39.402067539462266
39.403857071814265
39.405646604166265
39.407436136518264
39.40922566887026
39.41101520122226
39.41280473357426
39.41459426592626
39.41638379827826
39.41817333063027
39.41996286298227
39.421752395334266
39.423541927686266
39.425331460038265
39.427120992390265
39.428910524742264
39.43070005709426
39.43248958944626
39.43427912179826
39.43606865415026
39.43785818650226
39.43964771885427
39.44143725120627
39.443226783558266
39.445016315910266
39.446805848262265
39.448595380614265
39.450384912966264
39.45217444531826
39.45396397767026
39.45575351002226
39.45754304237426
39.45933257472626
39.46112210707827
39.46291163943027
39.464701171782266
39.466490704134266
39.468280236486265
39.470069768838265
39.471859301190264
39.47364883354226
39.47543836589426
39.47722789824626
39.47901743059826
39.48080696295026
39.48259649530227
39.48438602765427
39.48617556000627
39.487965092358266
39.489754624710265
39.491544157062265
39.493333689414264
39.495123221766264
39.49691275411826
39.49870228647026
39.50049181882226
39.50228135117426
39.50407088352627
39.50586041587827
39.50764994823027
39.509439480582266
39.511229012934265
39.513018545286265
39.514808077638264
39.516597609990264
39.51838714234226
39.52017667469426
39.52196620704626
39.52375573939826
39.52554527175026
39.52733480410227
39.52912433645427
39.530913868806266
39.532703401158265
39.534492933510265
39.536282465862264
39.538071998214264
39.53986153056626
39.54165106291826
39.54344059527026
39.54523012762226
39.54701965997427
39.54880919232627
39.55059872467827
39.552388257030266
39.554177789382265
39.555967321734265
39.557756854086264
39.559546386438264
39.56133591879026
39.56312545114226
39.56491498349426
39.56670451584626
39.56849404819826
39.57028358055027
39.57207311290227
39.573862645254266
39.575652177606266
39.577441709958265
39.579231242310264
39.581020774662264
39.58281030701426
39.58459983936626
39.58638937171826
39.58817890407026
39.58996843642226
39.59175796877427
39.59354750112627
39.595337033478266
39.597126565830266
39.598916098182265
39.600705630534264
39.602495162886264
39.60428469523826
39.60607422759026
39.60786375994226
39.60965329229426
39.61144282464626
39.61323235699827
39.61502188935027
39.616811421702266
39.618600954054266
39.620390486406265
39.622180018758264
39.623969551110264
39.62575908346226
39.62754861581426
39.62933814816626
39.63112768051826
39.63291721287027
39.63470674522227
39.63649627757427
39.638285809926266
39.640075342278266
39.641864874630265
39.643654406982265
39.645443939334264
39.64723347168626
39.64902300403826
39.65081253639026
39.65260206874226
39.65439160109426
39.65618113344627
39.65797066579827
39.659760198150266
39.661549730502266
39.663339262854265
39.665128795206265
39.666918327558264
39.66870785991026
39.67049739226226
39.67228692461426
39.67407645696626
39.67586598931827
39.67765552167027
39.67944505402227
39.681234586374266
39.683024118726266
39.684813651078265
39.686603183430265
39.688392715782264
39.69018224813426
39.69197178048626
39.69376131283826
39.69555084519026
39.69734037754226
39.69912990989427
39.70091944224627
39.702708974598266
39.704498506950266
39.706288039302265
39.708077571654265
39.709867104006264
39.71165663635826
39.71344616871026
39.71523570106226
39.71702523341426
39.71881476576626
39.72060429811826
39.72239383047027
39.72418336282227
39.725972895174266
39.727762427526265
39.729551959878265
39.731341492230264
39.73313102458226
39.73492055693426
39.73671008928626
39.73849962163826
39.74028915399026
39.74207868634227
39.74386821869427
39.74565775104627
39.747447283398266
39.749236815750265
39.751026348102265
39.752815880454264
39.754605412806264
39.75639494515826
39.75818447751026
39.75997400986226
39.76176354221426
39.76355307456627
39.76534260691827
39.76713213927027
39.768921671622266
39.770711203974265
39.772500736326265
39.774290268678264
39.776079801030264
39.77786933338226
39.77965886573426
39.78144839808626
39.78323793043826
39.78502746279027
39.78681699514227
39.78860652749427
39.790396059846266
39.792185592198265
39.793975124550265
39.795764656902264
39.797554189254264
39.79934372160626
39.80113325395826
39.80292278631026
39.80471231866226
39.80650185101426
39.80829138336627
39.81008091571827
39.811870448070266
39.813659980422266
39.815449512774265
39.817239045126264
39.819028577478264
39.82081810983026
39.82260764218226
39.82439717453426
39.82618670688626
39.82797623923827
39.82976577159027
39.83155530394227
39.833344836294266
39.835134368646266
39.836923900998265
39.838713433350264
39.840502965702264
39.84229249805426
39.84408203040626
39.84587156275826
39.84766109511026
39.84945062746226
39.85124015981427
39.85302969216627
39.854819224518266
39.856608756870266
39.858398289222265
39.860187821574264
39.861977353926264
39.86376688627826
39.86555641863026
39.86734595098226
39.86913548333426
39.87092501568626
39.87271454803827
39.87450408039027
39.876293612742266
39.878083145094266
39.879872677446265
39.881662209798264
39.883451742150264
39.88524127450226
39.88703080685426
39.88882033920626
39.89060987155826
39.89239940391026
39.89418893626227
39.89597846861427
39.897768000966266
39.899557533318266
39.901347065670265
39.903136598022265
39.904926130374264
39.90671566272626
39.90850519507826
39.91029472743026
39.91208425978226
39.91387379213427
39.91566332448627
39.91745285683827
39.919242389190266
39.921031921542266
39.922821453894265
39.924610986246265
39.926400518598264
39.92819005095026
39.92997958330226
39.93176911565426
39.93355864800626
39.93534818035826
39.93713771271027
39.93892724506227
39.940716777414266
39.942506309766266
39.944295842118265
39.946085374470265
39.947874906822264
39.94966443917426
39.95145397152626
39.95324350387826
39.95503303623026
39.95682256858226
39.95861210093426
39.96040163328627
39.96219116563827
39.963980697990266
39.965770230342265
39.967559762694265
39.969349295046264
39.97113882739826
39.97292835975026
39.97471789210226
39.97650742445426
39.97829695680626
39.98008648915827
39.98187602151027
39.98366555386227
39.985455086214266
39.987244618566265
39.989034150918265
39.990823683270264
39.992613215622264
39.99440274797426
39.99619228032626
39.99798181267826
39.99977134503027
40.00156087738226
40.00335040973427
40.00513994208627
40.006929474438266
40.008719006790265
40.010508539142265
40.012298071494264
40.014087603846264
40.01587713619826
40.01766666855026
40.01945620090226
40.02124573325426
40.02303526560627
40.02482479795827
40.02661433031027
40.028403862662266
40.030193395014265
40.031982927366265
40.033772459718264
40.035561992070264
40.03735152442226
40.03914105677426
40.04093058912626
40.04272012147827
40.04450965383026
40.04629918618227
40.04808871853427
40.049878250886266
40.051667783238265
40.053457315590265
40.055246847942264
40.057036380294264
40.05882591264626
40.06061544499826
40.06240497735026
40.06419450970226
40.06598404205427
40.06777357440627
40.06956310675827
40.071352639110266
40.073142171462266
40.074931703814265
40.076721236166264
40.078510768518264
40.08030030087026
40.08208983322226
40.08387936557426
40.08566889792626
40.08745843027826
40.08924796263027
40.09103749498227
40.092827027334266
40.094616559686266
40.096406092038265
40.098195624390264
40.099985156742264
40.10177468909426
40.10356422144626
40.10535375379826
40.10714328615026
40.10893281850227
40.11072235085427
40.11251188320627
40.114301415558266
40.116090947910266
40.117880480262265
40.119670012614264
40.121459544966264
40.12324907731826
40.12503860967026
40.12682814202226
40.12861767437426
40.13040720672626
40.13219673907827
40.13398627143027
40.135775803782266
40.137565336134266
40.139354868486265
40.141144400838265
40.142933933190264
40.14472346554226
40.14651299789426
40.14830253024626
40.15009206259826
40.15188159495027
40.15367112730226
40.15546065965427
40.157250192006266
40.159039724358266
40.160829256710265
40.162618789062265
40.164408321414264
40.16619785376626
40.16798738611826
40.16977691847026
40.17156645082227
40.17335598317426
40.17514551552627
40.17693504787827
40.178724580230266
40.180514112582266
40.182303644934265
40.184093177286265
40.185882709638264
40.18767224199026
40.18946177434226
40.19125130669426
40.19304083904626
40.19483037139827
40.19661990375026
40.19840943610227
40.200198968454266
40.201988500806266
40.203778033158265
40.205567565510265
40.207357097862264
40.20914663021426
40.21093616256626
40.21272569491826
40.21451522727026
40.21630475962226
40.21809429197427
40.21988382432627
40.22167335667827
40.223462889030266
40.225252421382265
40.227041953734265
40.228831486086264
40.23062101843826
40.23241055079026
40.23420008314226
40.23598961549426
40.23777914784627
40.23956868019826
40.24135821255027
40.24314774490227
40.244937277254266
40.246726809606265
40.248516341958265
40.250305874310264
40.252095406662264
40.25388493901426
40.25567447136626
40.25746400371826
40.25925353607026
40.26104306842227
40.26283260077427
40.26462213312627
40.266411665478266
40.268201197830265
40.269990730182265
40.271780262534264
40.273569794886264
40.27535932723826
40.27714885959026
40.27893839194226
40.28072792429426
40.28251745664626
40.28430698899827
40.28609652135027
40.287886053702266
40.289675586054265
40.291465118406265
40.293254650758264
40.295044183110264
40.29683371546226
40.29862324781426
40.30041278016626
40.30220231251826
40.30399184487027
40.30578137722226
40.30757090957427
40.309360441926266
40.311149974278266
40.312939506630265
40.314729038982264
40.316518571334264
40.31830810368626
40.32009763603826
40.32188716839026
40.32367670074226
40.32546623309426
40.32725576544627
40.32904529779827
40.330834830150266
40.332624362502266
40.334413894854265
40.336203427206264
40.337992959558264
40.33978249191026
40.34157202426226
40.34336155661426
40.34515108896626
40.34694062131827
40.34873015367027
40.35051968602227
40.352309218374266
40.354098750726266
40.355888283078265
40.357677815430264
40.359467347782264
40.36125688013426
40.36304641248626
40.36483594483826
40.36662547719026
40.36841500954226
40.37020454189427
40.37199407424627
40.373783606598266
40.375573138950266
40.377362671302265
40.379152203654264
40.380941736006264
40.38273126835826
40.38452080071026
40.38631033306226
40.38809986541426
40.38988939776626
40.39167893011827
40.39346846247027
40.395257994822266
40.397047527174266
40.398837059526265
40.400626591878265
40.402416124230264
40.40420565658226
40.40599518893426
40.40778472128626
40.40957425363826
40.41136378599026
40.41315331834227
40.41494285069427
40.416732383046266
40.418521915398266
40.420311447750265
40.422100980102265
40.423890512454264
40.42568004480626
40.42746957715826
40.42925910951026
40.43104864186226
40.43283817421427
40.43462770656627
40.43641723891827
40.438206771270266
40.439996303622266
40.441785835974265
40.443575368326265
40.445364900678264
40.44715443303026
40.44894396538226
40.45073349773426
40.45252303008627
40.45431256243826
40.45610209479027
40.45789162714227
40.45968115949427
40.461470691846266
40.463260224198265
40.465049756550265
40.466839288902264
40.46862882125426
40.47041835360626
40.47220788595826
40.47399741831026
40.47578695066227
40.47757648301426
40.47936601536627
40.48115554771827
40.482945080070266
40.484734612422265
40.486524144774265
40.488313677126264
40.490103209478264
40.49189274183026
40.49368227418226
40.49547180653426
40.49726133888626
40.49905087123827
40.50084040359027
40.50262993594227
40.504419468294266
40.506209000646265
40.507998532998265
40.509788065350264
40.511577597702264
40.51336713005426
40.51515666240626
40.51694619475826
40.51873572711027
40.52052525946226
40.52231479181427
40.52410432416627
40.525893856518266
40.527683388870265
40.529472921222265
40.531262453574264
40.533051985926264
40.53484151827826
40.53663105063026
40.53842058298226
40.54021011533426
40.54199964768627
40.54378918003827
40.54557871239027
40.547368244742266
40.549157777094265
40.550947309446265
40.552736841798264
40.554526374150264
40.55631590650226
40.55810543885426
40.55989497120626
40.56168450355826
40.56347403591026
40.56526356826227
40.56705310061427
40.568842632966266
40.570632165318266
40.572421697670265
40.574211230022264
40.576000762374264
40.57779029472626
40.57957982707826
40.58136935943026
40.58315889178226
40.58494842413427
40.58673795648626
40.58852748883827
40.590317021190266
40.592106553542266
40.593896085894265
40.595685618246264
40.597475150598264
40.59926468295026
40.60105421530226
40.60284374765426
40.60463328000626
40.60642281235826
40.60821234471027
40.61000187706227
40.611791409414266
40.613580941766266
40.615370474118265
40.617160006470264
40.618949538822264
40.62073907117426
40.62252860352626
40.62431813587826
40.62610766823026
40.62789720058227
40.62968673293426
40.63147626528627
40.633265797638266
40.635055329990266
40.636844862342265
40.638634394694265
40.640423927046264
40.64221345939826
40.64400299175026
40.64579252410226
40.64758205645426
40.64937158880626
40.65116112115827
40.65295065351027
40.654740185862266
40.656529718214266
40.658319250566265
40.660108782918265
40.661898315270264
40.66368784762226
40.66547737997426
40.66726691232626
40.66905644467826
40.67084597703026
40.67263550938227
40.67442504173427
40.676214574086266
40.678004106438266
40.679793638790265
40.681583171142265
40.683372703494264
40.68516223584626
40.68695176819826
40.68874130055026
40.69053083290226
40.69232036525426
40.69410989760627
40.69589942995827
40.697688962310266
40.699478494662266
40.701268027014265
40.703057559366265
40.704847091718264
40.70663662407026
40.70842615642226
40.71021568877426
40.71200522112626
40.71379475347827
40.71558428583027
40.71737381818227
40.71916335053427
40.720952882886266
40.722742415238265
40.724531947590265
40.726321479942264
40.728111012294264
40.72990054464626
40.73169007699826
40.73347960935026
40.73526914170226
40.73705867405427
40.73884820640627
40.74063773875827
40.742427271110266
40.744216803462265
40.746006335814265
40.747795868166264
40.749585400518264
40.75137493287026
40.75316446522226
40.75495399757426
40.75674352992627
40.75853306227826
40.76032259463027
40.76211212698227
40.763901659334266
40.765691191686265
40.767480724038265
40.769270256390264
40.771059788742264
40.77284932109426
40.77463885344626
40.77642838579826
40.77821791815026
40.78000745050227
40.78179698285427
40.78358651520627
40.785376047558266
40.787165579910265
40.788955112262265
40.790744644614264
40.792534176966264
40.79432370931826
40.79611324167026
40.79790277402226
40.79969230637427
40.80148183872626
40.80327137107827
40.80506090343027
40.806850435782266
40.808639968134266
40.810429500486265
40.812219032838264
40.814008565190264
40.81579809754226
40.81758762989426
40.81937716224626
40.82116669459826
40.82295622695027
40.82474575930226
40.82653529165427
40.828324824006266
40.830114356358266
40.831903888710265
40.833693421062264
40.835482953414264
40.83727248576626
40.83906201811826
40.84085155047026
40.84264108282226
40.84443061517426
40.84622014752627
40.84800967987827
40.849799212230266
40.851588744582266
40.853378276934265
40.855167809286264
40.856957341638264
40.85874687399026
40.86053640634226
40.86232593869426
40.86411547104626
40.86590500339827
40.86769453575026
40.86948406810227
40.871273600454266
40.873063132806266
40.874852665158265
40.876642197510265
40.878431729862264
40.88022126221426
40.88201079456626
40.88380032691826
40.88558985927026
40.88737939162226
40.88916892397427
40.89095845632627
40.892747988678266
40.894537521030266
40.896327053382265
40.898116585734265
40.899906118086264
40.90169565043826
40.90348518279026
40.90527471514226
40.90706424749426
40.90885377984627
40.91064331219826
40.91243284455027
40.914222376902266
40.916011909254266
40.917801441606265
40.919590973958265
40.921380506310264
40.92317003866226
40.92495957101426
40.92674910336626
40.92853863571826
40.93032816807026
40.93211770042227
40.93390723277427
40.935696765126266
40.937486297478266
40.939275829830265
40.941065362182265
40.942854894534264
40.94464442688626
40.94643395923826
40.94822349159026
40.95001302394226
40.95180255629426
40.95359208864627
40.95538162099827
40.95717115335027
40.958960685702266
40.960750218054265
40.962539750406265
40.964329282758264
40.96611881511026
40.96790834746226
40.96969787981426
40.97148741216626
40.97327694451826
40.97506647687027
40.97685600922227
40.97864554157427
40.980435073926266
40.982224606278265
40.984014138630265
40.985803670982264
40.987593203334264
40.98938273568626
40.99117226803826
40.99296180039026
40.99475133274227
40.99654086509427
40.99833039744627
41.00011992979827
41.001909462150266
41.003698994502265
41.005488526854265
41.007278059206264
41.009067591558264
41.01085712391026
41.01264665626226
41.01443618861426
41.01622572096626
41.01801525331827
41.01980478567027
41.02159431802227
41.023383850374266
41.025173382726265
41.026962915078265
41.028752447430264
41.030541979782264
41.03233151213426
41.03412104448626
41.03591057683826
41.03770010919027
41.03948964154226
41.04127917389427
41.04306870624627
41.044858238598266
41.046647770950266
41.048437303302265
41.050226835654264
41.052016368006264
41.05380590035826
41.05559543271026
41.05738496506226
41.05917449741426
41.06096402976627
41.06275356211827
41.06454309447027
41.066332626822266
41.068122159174266
41.069911691526265
41.071701223878264
41.073490756230264
41.07528028858226
41.07706982093426
41.07885935328626
41.08064888563827
41.08243841799026
41.08422795034227
41.08601748269427
41.087807015046266
41.089596547398266
41.091386079750265
41.093175612102264
41.094965144454264
41.09675467680626
41.09854420915826
41.10033374151026
41.10212327386226
41.10391280621427
41.10570233856626
41.10749187091827
41.109281403270266
41.111070935622266
41.112860467974265
41.114650000326264
41.116439532678264
41.11822906503026
41.12001859738226
41.12180812973426
41.12359766208626
41.12538719443826
41.12717672679027
41.12896625914227
41.130755791494266
41.132545323846266
41.134334856198265
41.136124388550265
41.137913920902264
41.13970345325426
41.14149298560626
41.14328251795826
41.14507205031026
41.14686158266227
41.14865111501426
41.15044064736627
41.152230179718266
41.154019712070266
41.155809244422265
41.157598776774265
41.159388309126264
41.16117784147826
41.16296737383026
41.16475690618226
41.16654643853426
41.16833597088626
41.17012550323827
41.17191503559027
41.173704567942266
41.175494100294266
41.177283632646265
41.179073164998265
41.180862697350264
41.18265222970226
41.18444176205426
41.18623129440626
41.18802082675826
41.18981035911027
41.19159989146226
41.19338942381427
41.19517895616627
41.196968488518266
41.198758020870265
41.200547553222265
41.202337085574264
41.20412661792626
41.20591615027826
41.20770568263026
41.20949521498226
41.21128474733426
41.21307427968627
41.21486381203827
41.21665334439027
41.218442876742266
41.220232409094265
41.222021941446265
41.223811473798264
41.225601006150264
41.22739053850226
41.22918007085426
41.23096960320626
41.23275913555826
41.23454866791027
41.23633820026227
41.23812773261427
41.239917264966266
41.241706797318265
41.243496329670265
41.245285862022264
41.247075394374264
41.24886492672626
41.25065445907826
41.25244399143026
41.25423352378226
41.25602305613427
41.25781258848627
41.25960212083827
41.261391653190266
41.263181185542265
41.264970717894265
41.266760250246264
41.268549782598264
41.27033931495026
41.27212884730226
41.27391837965426
41.27570791200627
41.27749744435827
41.27928697671027
41.28107650906227
41.282866041414266
41.284655573766265
41.286445106118265
41.288234638470264
41.290024170822264
41.29181370317426
41.29360323552626
41.29539276787826
41.29718230023026
41.29897183258227
41.30076136493427
41.30255089728627
41.304340429638266
41.306129961990266
41.307919494342265
41.309709026694264
41.311498559046264
41.31328809139826
41.31507762375026
41.31686715610226
41.31865668845427
41.32044622080626
41.32223575315827
41.32402528551027
41.325814817862266
41.327604350214266
41.329393882566265
41.331183414918264
41.332972947270264
41.33476247962226
41.33655201197426
41.33834154432626
41.34013107667826
41.34192060903027
41.34371014138227
41.34549967373427
41.347289206086266
41.349078738438266
41.350868270790265
41.352657803142264
41.354447335494264
41.35623686784626
41.35802640019826
41.35981593255026
41.36160546490227
41.36339499725426
41.36518452960627
41.36697406195827
41.368763594310266
41.370553126662266
41.372342659014265
41.374132191366265
41.375921723718264
41.37771125607026
41.37950078842226
41.38129032077426
41.38307985312626
41.38486938547827
41.38665891783026
41.38844845018227
41.390237982534266
41.392027514886266
41.393817047238265
41.395606579590265
41.397396111942264
41.39918564429426
41.40097517664626
41.40276470899826
41.40455424135026
41.40634377370226
41.40813330605427
41.40992283840627
41.411712370758266
41.413501903110266
41.415291435462265
41.417080967814265
41.418870500166264
41.42066003251826
41.42244956487026
41.42423909722226
41.42602862957426
41.42781816192627
41.42960769427826
41.43139722663027
41.433186758982266
41.434976291334266
41.436765823686265
41.438555356038265
41.440344888390264
41.44213442074226
41.44392395309426
41.44571348544626
41.44750301779826
41.44929255015026
41.45108208250227
41.45287161485427
41.45466114720627
41.456450679558266
41.458240211910265
41.460029744262265
41.461819276614264
41.46360880896626
41.46539834131826
41.46718787367026
41.46897740602226
41.47076693837426
41.47255647072626
41.47434600307827
41.47613553543027
41.477925067782266
41.479714600134265
41.481504132486265
41.483293664838264
41.485083197190264
41.48687272954226
41.48866226189426
41.49045179424626
41.49224132659826
41.49403085895027
41.49582039130227
41.49760992365427
41.499399456006266
41.501188988358265
41.502978520710265
41.504768053062264
41.506557585414264
41.50834711776626
41.51013665011826
41.51192618247026
41.51371571482226
41.51550524717427
41.51729477952627
41.51908431187827
41.520873844230266
41.522663376582265
41.524452908934265
41.526242441286264
41.528031973638264
41.52982150599026
41.53161103834226
41.53340057069426
41.53519010304626
41.53697963539827
41.53876916775027
41.54055870010227
41.542348232454266
41.544137764806266
41.545927297158265
41.547716829510264
41.549506361862264
41.55129589421426
41.55308542656626
41.55487495891826
41.55666449127026
41.55845402362226
41.56024355597427
41.56203308832627
41.563822620678266
41.565612153030266
41.567401685382265
41.569191217734264
41.570980750086264
41.57277028243826
41.57455981479026
41.57634934714226
41.57813887949426
41.57992841184627
41.57992841184627
