-20.0
-18.3
-16.6
-14.900000000000002
-13.200000000000003
-11.500000000000004
-9.800000000000004
-8.100000000000005
-6.400000000000005
-4.700000000000005
-3.0000000000000044
-2.9896551724137974
-2.9793103448275904
-2.9689655172413834
-2.9586206896551763
-2.9482758620689693
-2.9379310344827623
-2.9275862068965552
-2.917241379310348
-2.906896551724141
-2.896551724137934
-2.886206896551727
-2.87586206896552
-2.865517241379313
-2.855172413793106
-2.844827586206899
-2.834482758620692
-2.824137931034485
-2.813793103448278
-2.803448275862071
-2.793103448275864
-2.782758620689657
-2.77241379310345
-2.762068965517243
-2.7517241379310358
-2.7413793103448287
-2.7310344827586217
-2.7206896551724147
-2.7103448275862076
-2.7000000000000006
-2.6896551724137936
-2.6793103448275866
-2.6689655172413795
-2.6586206896551725
-2.6482758620689655
-2.6379310344827585
-2.6275862068965514
-2.6172413793103444
-2.6068965517241374
-2.5965517241379303
-2.5862068965517233
-2.5758620689655163
-2.5655172413793093
-2.5551724137931022
-2.544827586206895
-2.534482758620688
-2.524137931034481
-2.513793103448274
-2.503448275862067
-2.49310344827586
-2.482758620689653
-2.472413793103446
-2.462068965517239
-2.451724137931032
-2.441379310344825
-2.431034482758618
-2.420689655172411
-2.410344827586204
-2.399999999999997
-2.3896551724137898
-2.3793103448275827
-2.3689655172413757
-2.3586206896551687
-2.3482758620689617
-2.3379310344827546
-2.3275862068965476
-2.3172413793103406
-2.3068965517241335
-2.2965517241379265
-2.2862068965517195
-2.2758620689655125
-2.2655172413793054
-2.2551724137930984
-2.2448275862068914
-2.2344827586206844
-2.2241379310344773
-2.2137931034482703
-2.2034482758620633
-2.1931034482758562
-2.182758620689649
-2.172413793103442
-2.162068965517235
-2.151724137931028
-2.141379310344821
-2.131034482758614
-2.120689655172407
-2.1103448275862
-2.099999999999993
-2.089655172413786
-2.079310344827579
-2.068965517241372
-2.058620689655165
-2.048275862068958
-2.037931034482751
-2.027586206896544
-2.0172413793103368
-2.0068965517241297
-1.996551724137923
-1.9862068965517161
-1.9758620689655093
-1.9655172413793025
-1.9551724137930957
-1.944827586206889
-1.934482758620682
-1.9241379310344753
-1.9137931034482685
-1.9034482758620617
-1.8931034482758549
-1.882758620689648
-1.8724137931034412
-1.8620689655172344
-1.8517241379310276
-1.8413793103448208
-1.831034482758614
-1.8206896551724072
-1.8103448275862004
-1.7999999999999936
-1.7896551724137868
-1.77931034482758
-1.7689655172413732
-1.7586206896551664
-1.7482758620689596
-1.7379310344827528
-1.727586206896546
-1.7172413793103392
-1.7068965517241323
-1.6965517241379255
-1.6862068965517187
-1.675862068965512
-1.6655172413793051
-1.6551724137930983
-1.6448275862068915
-1.6344827586206847
-1.624137931034478
-1.613793103448271
-1.6034482758620643
-1.5931034482758575
-1.5827586206896507
-1.5724137931034439
-1.562068965517237
-1.5517241379310303
-1.5413793103448235
-1.5310344827586166
-1.5206896551724098
-1.510344827586203
-1.4999999999999962
-1.4896551724137894
-1.4793103448275826
-1.4689655172413758
-1.458620689655169
-1.4482758620689622
-1.4379310344827554
-1.4275862068965486
-1.4172413793103418
-1.406896551724135
-1.3965517241379282
-1.3862068965517214
-1.3758620689655146
-1.3655172413793077
-1.355172413793101
-1.3448275862068941
-1.3344827586206873
-1.3241379310344805
-1.3137931034482737
-1.303448275862067
-1.29310344827586
-1.2827586206896533
-1.2724137931034465
-1.2620689655172397
-1.2517241379310329
-1.241379310344826
-1.2310344827586193
-1.2206896551724125
-1.2103448275862057
-1.1999999999999988
-1.189655172413792
-1.1793103448275852
-1.1689655172413784
-1.1586206896551716
-1.1482758620689648
-1.137931034482758
-1.1275862068965512
-1.1172413793103444
-1.1068965517241376
-1.0965517241379308
-1.086206896551724
-1.0758620689655172
-1.0655172413793104
-1.0551724137931036
-1.0448275862068968
-1.03448275862069
-1.0241379310344831
-1.0137931034482763
-1.0034482758620695
-0.9931034482758626
-0.9827586206896557
-0.9724137931034488
-0.9620689655172419
-0.9517241379310349
-0.941379310344828
-0.9310344827586211
-0.9206896551724142
-0.9103448275862073
-0.9000000000000004
-0.8896551724137934
-0.8793103448275865
-0.8689655172413796
-0.8586206896551727
-0.8482758620689658
-0.8379310344827589
-0.8275862068965519
-0.817241379310345
-0.8068965517241381
-0.7965517241379312
-0.7862068965517243
-0.7758620689655173
-0.7655172413793104
-0.7551724137931035
-0.7448275862068966
-0.7344827586206897
-0.7241379310344828
-0.7137931034482758
-0.7034482758620689
-0.693103448275862
-0.6827586206896551
-0.6724137931034482
-0.6620689655172413
-0.6517241379310343
-0.6413793103448274
-0.6310344827586205
-0.6206896551724136
-0.6103448275862067
-0.5999999999999998
-0.5896551724137928
-0.5793103448275859
-0.568965517241379
-0.5586206896551721
-0.5482758620689652
-0.5379310344827583
-0.5275862068965513
-0.5172413793103444
-0.5068965517241375
-0.4965517241379306
-0.48620689655172367
-0.47586206896551675
-0.46551724137930983
-0.4551724137931029
-0.444827586206896
-0.4344827586206891
-0.42413793103448216
-0.41379310344827525
-0.40344827586206833
-0.3931034482758614
-0.3827586206896545
-0.3724137931034476
-0.36206896551724066
-0.35172413793103374
-0.3413793103448268
-0.3310344827586199
-0.320689655172413
-0.3103448275862061
-0.29999999999999916
-0.28965517241379224
-0.2793103448275853
-0.2689655172413784
-0.2586206896551715
-0.2482758620689646
-0.2379310344827577
-0.22758620689655082
-0.21724137931034393
-0.20689655172413704
-0.19655172413793015
-0.18620689655172326
-0.17586206896551637
-0.16551724137930948
-0.1551724137931026
-0.1448275862068957
-0.1344827586206888
-0.12413793103448192
-0.11379310344827503
-0.10344827586206815
-0.09310344827586126
-0.08275862068965437
-0.07241379310344748
-0.06206896551724058
-0.051724137931033684
-0.04137931034482679
-0.03103448275861989
-0.020689655172412995
-0.010344827586206098
7.979727989493313e-16
0.0232722143864606
0.0465444287729204
0.0698166431593802
0.09308885754584001
0.1163610719322998
0.1396332863187596
0.1629055007052194
0.18617771509167919
0.20944992947813898
0.23272214386459877
0.2559943582510586
0.2792665726375184
0.30253878702397824
0.32581100141043806
0.3490832157968979
0.3723554301833577
0.3956276445698175
0.41889985895627735
0.44217207334273717
0.465444287729197
0.4887165021156568
0.5119887165021166
0.5352609308885764
0.5585331452750362
0.5818053596614959
0.6050775740479557
0.6283497884344155
0.6516220028208752
0.674894217207335
0.6981664315937948
0.7214386459802545
0.7447108603667143
0.7679830747531741
0.7912552891396338
0.8145275035260936
0.8377997179125534
0.8610719322990131
0.8843441466854729
0.9076163610719327
0.9308885754583924
0.9541607898448522
0.977433004231312
1.0007052186177718
1.0239774330042317
1.0472496473906916
1.0705218617771515
1.0937940761636114
1.1170662905500712
1.140338504936531
1.163610719322991
1.1868829337094509
1.2101551480959107
1.2334273624823706
1.2566995768688305
1.2799717912552904
1.3032440056417502
1.3265162200282101
1.34978843441467
1.3730606488011299
1.3963328631875898
1.4196050775740496
1.4428772919605095
1.4661495063469694
1.4894217207334293
1.5126939351198891
1.535966149506349
1.559238363892809
1.5825105782792688
1.6057827926657287
1.6290550070521885
1.6523272214386484
1.6755994358251083
1.6988716502115682
1.722143864598028
1.745416078984488
1.7686882933709478
1.7919605077574077
1.8152327221438675
1.8385049365303274
1.8617771509167873
1.8850493653032472
1.908321579689707
1.931593794076167
1.9548660084626268
1.9781382228490867
2.0014104372355463
2.024682651622006
2.0479548660084657
2.0712270803949253
2.094499294781385
2.1177715091678446
2.1410437235543043
2.164315937940764
2.1875881523272236
2.2108603667136832
2.234132581100143
2.2574047954866026
2.280677009873062
2.303949224259522
2.3272214386459815
2.350493653032441
2.373765867418901
2.3970380818053605
2.42031029619182
2.44358251057828
2.4668547249647395
2.490126939351199
2.5133991537376588
2.5366713681241184
2.559943582510578
2.5832157968970377
2.6064880112834974
2.629760225669957
2.6530324400564167
2.6763046544428764
2.699576868829336
2.7228490832157957
2.7461212976022553
2.769393511988715
2.7926657263751746
2.8159379407616343
2.839210155148094
2.8624823695345536
2.8857545839210132
2.909026798307473
2.9322990126939326
2.955571227080392
2.978843441466852
3.0021156558533115
3.025387870239771
3.048660084626231
3.0719322990126905
3.09520451339915
3.11847672778561
3.1417489421720695
3.165021156558529
3.1882933709449888
3.2115655853314484
3.234837799717908
3.2581100141043677
3.2813822284908274
3.304654442877287
3.3279266572637467
3.3511988716502064
3.374471086036666
3.3977433004231257
3.4210155148095853
3.444287729196045
3.4675599435825046
3.4908321579689643
3.514104372355424
3.5373765867418836
3.5606488011283433
3.583921015514803
3.6071932299012626
3.630465444287722
3.653737658674182
3.6770098730606415
3.700282087447101
3.723554301833561
3.7468265162200205
3.77009873060648
3.79337094499294
3.8166431593793995
3.839915373765859
3.8631875881523188
3.8864598025387784
3.909732016925238
3.9330042313116977
3.9562764456981574
3.979548660084617
4.002820874471077
4.026093088857537
4.049365303243997
4.072637517630457
4.095909732016917
4.119181946403377
4.142454160789837
4.165726375176297
4.1889985895627575
4.212270803949218
4.235543018335678
4.258815232722138
4.282087447108598
4.305359661495058
4.328631875881518
4.351904090267978
4.375176304654438
4.398448519040898
4.4217207334273585
4.444992947813819
4.468265162200279
4.491537376586739
4.514809590973199
4.538081805359659
4.561354019746119
4.584626234132579
4.607898448519039
4.631170662905499
4.6544428772919595
4.67771509167842
4.70098730606488
4.72425952045134
4.7475317348378
4.77080394922426
4.79407616361072
4.81734837799718
4.84062059238364
4.8638928067701
4.8871650211565605
4.910437235543021
4.933709449929481
4.956981664315941
4.980253878702401
5.003526093088861
5.026798307475321
5.050070521861781
5.073342736248241
5.096614950634701
5.1198871650211615
5.143159379407622
5.166431593794082
5.189703808180542
5.212976022567002
5.236248236953462
5.259520451339922
5.282792665726382
5.306064880112842
5.329337094499302
5.3526093088857625
5.375881523272223
5.399153737658683
5.422425952045143
5.445698166431603
5.468970380818063
5.492242595204523
5.515514809590983
5.538787023977443
5.562059238363903
5.5853314527503635
5.608603667136824
5.631875881523284
5.655148095909744
5.678420310296204
5.701692524682664
5.724964739069124
5.748236953455584
5.771509167842044
5.794781382228504
5.8180535966149645
5.841325811001425
5.864598025387885
5.887870239774345
5.911142454160805
5.934414668547265
5.957686882933725
5.980959097320185
6.004231311706645
6.027503526093105
6.0507757404795655
6.074047954866026
6.097320169252486
6.120592383638946
6.143864598025406
6.167136812411866
6.190409026798326
6.213681241184786
6.236953455571246
6.260225669957706
6.2834978843441665
6.3067700987306266
6.330042313117087
6.353314527503547
6.376586741890007
6.399858956276467
6.423131170662927
6.446403385049387
6.469675599435847
6.492947813822307
6.5162200282087674
6.5394922425952275
6.562764456981688
6.586036671368148
6.609308885754608
6.632581100141068
6.655853314527528
6.679125528913988
6.702397743300448
6.725669957686908
6.748942172073368
6.7722143864598285
6.795486600846289
6.818758815232749
6.842031029619209
6.865303244005669
6.888575458392129
6.911847672778589
6.935119887165049
6.958392101551509
6.981664315937969
7.0049365303244295
7.02820874471089
7.05148095909735
7.07475317348381
7.09802538787027
7.12129760225673
7.14456981664319
7.16784203102965
7.19111424541611
7.21438645980257
7.2376586741890305
7.260930888575491
7.284203102961951
7.307475317348411
7.330747531734871
7.354019746121331
7.377291960507791
7.400564174894251
7.423836389280711
7.447108603667171
7.4703808180536315
7.493653032440092
7.516925246826552
7.540197461213012
7.563469675599472
7.586741889985932
7.610014104372392
7.633286318758852
7.656558533145312
7.679830747531772
7.7031029619182325
7.726375176304693
7.749647390691153
7.772919605077613
7.796191819464073
7.819464033850533
7.842736248236993
7.866008462623453
7.889280677009913
7.912552891396373
7.9358251057828335
7.959097320169294
7.982369534555754
8.005641748942214
8.028913963328673
8.052186177715132
8.075458392101591
8.09873060648805
8.12200282087451
8.145275035260969
8.168547249647428
8.191819464033887
8.215091678420347
8.238363892806806
8.261636107193265
8.284908321579724
8.308180535966184
8.331452750352643
8.354724964739102
8.377997179125561
8.40126939351202
8.42454160789848
8.447813822284939
8.471086036671398
8.494358251057857
8.517630465444316
8.540902679830776
8.564174894217235
8.587447108603694
8.610719322990153
8.633991537376613
8.657263751763072
8.680535966149531
8.70380818053599
8.72708039492245
8.750352609308909
8.773624823695368
8.796897038081827
8.820169252468286
8.843441466854745
8.866713681241205
8.889985895627664
8.913258110014123
8.936530324400582
8.959802538787041
8.9830747531735
9.00634696755996
9.029619181946419
9.052891396332878
9.076163610719338
9.099435825105797
9.122708039492256
9.145980253878715
9.169252468265174
9.192524682651634
9.215796897038093
9.239069111424552
9.262341325811011
9.28561354019747
9.30888575458393
9.332157968970389
9.355430183356848
9.378702397743307
9.401974612129766
9.425246826516226
9.448519040902685
9.471791255289144
9.495063469675603
9.518335684062063
9.541607898448522
9.564880112834981
9.58815232722144
9.6114245416079
9.634696755994359
9.657968970380818
9.681241184767277
9.704513399153736
9.727785613540195
9.751057827926655
9.774330042313114
9.797602256699573
9.820874471086032
9.844146685472491
9.86741889985895
9.89069111424541
9.91396332863187
9.937235543018328
9.960507757404788
9.983779971791247
10.007052186177706
10.030324400564165
10.053596614950624
10.076868829337084
10.100141043723543
10.123413258110002
10.146685472496461
10.16995768688292
10.19322990126938
10.216502115655839
10.239774330042298
10.263046544428757
10.286318758815217
10.309590973201676
10.332863187588135
10.356135401974594
10.379407616361053
10.402679830747513
10.425952045133972
10.449224259520431
10.47249647390689
10.49576868829335
10.519040902679809
10.542313117066268
10.565585331452727
10.588857545839186
10.612129760225645
10.635401974612105
10.658674188998564
10.681946403385023
10.705218617771482
10.728490832157942
10.7517630465444
10.77503526093086
10.79830747531732
10.821579689703778
10.844851904090238
10.868124118476697
10.891396332863156
10.914668547249615
10.937940761636074
10.961212976022534
10.984485190408993
11.007757404795452
11.031029619181911
11.05430183356837
11.07757404795483
11.100846262341289
11.124118476727748
11.147390691114207
11.170662905500667
11.193935119887126
11.217207334273585
11.240479548660044
11.263751763046503
11.287023977432963
11.310296191819422
11.333568406205881
11.35684062059234
11.3801128349788
11.403385049365259
11.426657263751718
11.449929478138177
11.473201692524636
11.496473906911095
11.519746121297555
11.543018335684014
11.566290550070473
11.589562764456932
11.612834978843392
11.63610719322985
11.65937940761631
11.68265162200277
11.705923836389228
11.729196050775688
11.752468265162147
11.775740479548606
11.799012693935065
11.822284908321524
11.845557122707984
11.868829337094443
11.892101551480902
11.915373765867361
11.93864598025382
11.96191819464028
11.985190409026739
12.008462623413198
12.031734837799657
12.055007052186117
12.078279266572576
12.101551480959035
12.124823695345494
12.148095909731953
12.171368124118413
12.194640338504872
12.217912552891331
12.24118476727779
12.26445698166425
12.287729196050709
12.311001410437168
12.334273624823627
12.357545839210086
12.380818053596546
12.404090267983005
12.427362482369464
12.450634696755923
12.473906911142382
12.497179125528842
12.5204513399153
12.54372355430176
12.56699576868822
12.590267983074678
12.613540197461138
12.636812411847597
12.660084626234056
12.683356840620515
12.706629055006974
12.729901269393434
12.753173483779893
12.776445698166352
12.799717912552811
12.82299012693927
12.84626234132573
12.869534555712189
12.892806770098648
12.916078984485107
12.939351198871567
12.962623413258026
12.985895627644485
13.009167842030944
13.032440056417403
13.055712270803863
13.078984485190322
13.102256699576781
13.12552891396324
13.1488011283497
13.172073342736159
13.195345557122618
13.218617771509077
13.241889985895536
13.265162200281996
13.288434414668455
13.311706629054914
13.334978843441373
13.358251057827832
13.381523272214292
13.40479548660075
13.42806770098721
13.45133991537367
13.474612129760128
13.497884344146588
13.521156558533047
13.544428772919506
13.567700987305965
13.590973201692425
13.614245416078884
13.637517630465343
13.660789844851802
13.684062059238261
13.70733427362472
13.73060648801118
13.753878702397639
13.777150916784098
13.800423131170557
13.823695345557017
13.846967559943476
13.870239774329935
13.893511988716394
13.916784203102853
13.940056417489313
13.963328631875772
13.986600846262231
14.00987306064869
14.03314527503515
14.056417489421609
14.079689703808068
14.102961918194527
14.126234132580986
14.149506346967446
14.172778561353905
14.196050775740364
14.219322990126823
14.242595204513282
14.265867418899742
14.2891396332862
14.31241184767266
14.33568406205912
14.358956276445578
14.382228490832038
14.405500705218497
14.428772919604956
14.452045133991415
14.475317348377875
14.498589562764334
14.521861777150793
14.545133991537252
14.568406205923711
14.59167842031017
14.61495063469663
14.638222849083089
14.661495063469548
14.684767277856007
14.708039492242467
14.731311706628926
14.754583921015385
14.777856135401844
14.801128349788303
14.824400564174763
14.847672778561222
14.870944992947681
14.89421720733414
14.9174894217206
14.940761636107059
14.964033850493518
14.987306064879977
15.010578279266436
15.033850493652896
15.057122708039355
15.080394922425814
15.103667136812273
15.126939351198732
15.150211565585192
15.17348377997165
15.19675599435811
15.22002820874457
15.243300423131029
15.266572637517488
15.289844851903947
15.313117066290406
15.336389280676865
15.359661495063325
15.382933709449784
15.406205923836243
15.429478138222702
15.452750352609161
15.47602256699562
15.49929478138208
15.522566995768539
15.545839210154998
15.569111424541457
15.592383638927917
15.615655853314376
15.638928067700835
15.662200282087294
15.685472496473754
15.708744710860213
15.732016925246672
15.755289139633131
15.77856135401959
15.80183356840605
15.825105782792509
15.848377997178968
15.871650211565427
15.894922425951886
15.918194640338346
15.941466854724805
15.964739069111264
15.988011283497723
16.011283497884182
16.03455571227064
16.0578279266571
16.08110014104356
16.10437235543002
16.12764456981648
16.150916784202938
16.174188998589397
16.197461212975856
16.220733427362315
16.244005641748775
16.267277856135234
16.290550070521693
16.313822284908152
16.33709449929461
16.36036671368107
16.38363892806753
16.40691114245399
16.43018335684045
16.453455571226907
16.476727785613367
16.499999999999826
16.523272214386285
16.546544428772744
16.569816643159204
16.593088857545663
16.616361071932122
16.63963328631858
16.66290550070504
16.6861777150915
16.70944992947796
16.732722143864418
16.755994358250877
16.779266572637336
16.802538787023796
16.825811001410255
16.849083215796714
16.872355430183173
16.895627644569633
16.91889985895609
16.94217207334255
16.96544428772901
16.98871650211547
17.01198871650193
17.035260930888388
17.058533145274847
17.081805359661306
17.105077574047765
17.128349788434225
17.151622002820684
17.174894217207143
17.198166431593602
17.22143864598006
17.24471086036652
17.26798307475298
17.29125528913944
17.3145275035259
17.337799717912358
17.361071932298817
17.384344146685276
17.407616361071735
17.430888575458194
17.454160789844654
17.477433004231113
17.500705218617572
17.52397743300403
17.54724964739049
17.57052186177695
17.59379407616341
17.617066290549868
17.640338504936327
17.663610719322786
17.686882933709246
17.710155148095705
17.733427362482164
17.756699576868623
17.779971791255083
17.80324400564154
17.826516220028
17.84978843441446
17.87306064880092
17.89633286318738
17.919605077573838
17.942877291960297
17.966149506346756
17.989421720733215
18.012693935119675
18.035966149506134
18.059238363892593
18.082510578279052
18.10578279266551
18.12905500705197
18.15232722143843
18.17559943582489
18.19887165021135
18.222143864597808
18.245416078984267
18.268688293370726
18.291960507757185
18.315232722143644
18.338504936530104
18.361777150916563
18.385049365303022
18.40832157968948
18.43159379407594
18.4548660084624
18.47813822284886
18.501410437235318
18.524682651621777
18.547954866008237
18.571227080394696
18.594499294781155
18.617771509167614
18.641043723554073
18.664315937940533
18.68758815232699
18.71086036671345
18.73413258109991
18.75740479548637
18.78067700987283
18.803949224259288
18.827221438645747
18.850493653032206
18.873765867418665
18.897038081805125
18.920310296191584
18.943582510578043
18.966854724964502
18.99012693935096
19.01339915373742
19.03667136812388
19.05994358251034
19.0832157968968
19.106488011283258
19.129760225669717
19.153032440056176
19.176304654442635
19.199576868829094
19.222849083215554
19.246121297602013
19.269393511988472
19.29266572637493
19.31593794076139
19.33921015514785
19.36248236953431
19.385754583920768
19.409026798307227
19.432299012693687
19.455571227080146
19.478843441466605
19.502115655853064
19.525387870239523
19.548660084625983
19.571932299012442
19.5952045133989
19.61847672778536
19.64174894217182
19.66502115655828
19.688293370944738
19.711565585331197
19.734837799717656
19.758110014104115
19.781382228490575
19.804654442877034
19.827926657263493
19.851198871649952
19.87447108603641
19.89774330042287
19.92101551480933
19.94428772919579
19.96755994358225
19.990832157968708
20.014104372355167
20.037376586741626
20.060648801128085
20.083921015514544
20.107193229901004
20.130465444287463
20.153737658673922
20.17700987306038
20.20028208744684
20.2235543018333
20.24682651621976
20.270098730606218
20.293370944992677
20.316643159379137
20.339915373765596
20.363187588152055
20.386459802538514
20.409732016924973
20.433004231311433
20.456276445697892
20.47954866008435
20.50282087447081
20.52609308885727
20.54936530324373
20.572637517630188
20.595909732016647
20.619181946403106
20.642454160789566
20.665726375176025
20.688998589562484
20.712270803948943
20.735543018335402
20.75881523272186
20.78208744710832
20.80535966149478
20.82863187588124
20.8519040902677
20.875176304654158
20.898448519040617
20.921720733427076
20.944992947813535
20.968265162199994
20.991537376586454
21.014809590972913
21.038081805359372
21.06135401974583
21.08462623413229
21.10789844851875
21.13117066290521
21.154442877291668
21.177715091678127
21.200987306064587
21.224259520451046
21.247531734837505
21.270803949223964
21.294076163610423
21.317348377996883
21.340620592383342
21.3638928067698
21.38716502115626
21.41043723554272
21.43370944992918
21.456981664315638
21.480253878702097
21.503526093088556
21.526798307475016
21.550070521861475
21.573342736247934
21.596614950634393
21.619887165020852
21.64315937940731
21.66643159379377
21.68970380818023
21.71297602256669
21.73624823695315
21.759520451339608
21.782792665726067
21.806064880112526
21.829337094498985
21.852609308885445
21.875881523271904
21.899153737658363
21.922425952044822
21.94569816643128
21.96897038081774
21.9922425952042
22.01551480959066
22.038787023977118
22.062059238363577
22.085331452750037
22.108603667136496
22.131875881522955
22.155148095909414
22.178420310295873
22.201692524682333
22.224964739068792
22.24823695345525
22.27150916784171
22.29478138222817
22.31805359661463
22.341325811001088
22.364598025387547
22.387870239774006
22.411142454160466
22.434414668546925
22.457686882933384
22.480959097319843
22.504231311706302
22.52750352609276
22.55077574047922
22.57404795486568
22.59732016925214
22.6205923836386
22.643864598025058
22.667136812411517
22.690409026797976
22.713681241184435
22.736953455570895
22.760225669957354
22.783497884343813
22.806770098730272
22.83004231311673
22.85331452750319
22.87658674188965
22.89985895627611
22.923131170662568
22.946403385049027
22.969675599435487
22.992947813821946
23.016220028208405
23.039492242594864
23.062764456981323
23.086036671367783
23.109308885754242
23.1325811001407
23.15585331452716
23.17912552891362
23.20239774330008
23.225669957686538
23.248942172072997
23.272214386459456
23.295486600845916
23.318758815232375
23.342031029618834
23.365303244005293
23.388575458391752
23.41184767277821
23.43511988716467
23.45839210155113
23.48166431593759
23.50493653032405
23.528208744710508
23.551480959096967
23.574753173483426
23.598025387869885
23.621297602256345
23.644569816642804
23.667842031029263
23.691114245415722
23.71438645980218
23.73765867418864
23.7609308885751
23.78420310296156
23.80747531734802
23.830747531734477
23.854019746120937
23.877291960507396
23.900564174893855
23.923836389280314
23.947108603666774
23.970380818053233
23.993653032439692
24.01692524682615
24.04019746121261
24.06346967559907
24.08674188998553
24.110014104371988
24.133286318758447
24.156558533144906
24.179830747531366
24.203102961917825
24.226375176304284
24.249647390690743
24.272919605077202
24.29619181946366
24.31946403385012
24.34273624823658
24.36600846262304
24.3892806770095
24.412552891395958
24.435825105782417
24.459097320168876
24.482369534555335
24.505641748941795
24.528913963328254
24.552186177714713
24.575458392101172
24.59873060648763
24.62200282087409
24.64527503526055
24.66854724964701
24.69181946403347
24.715091678419927
24.738363892806387
24.761636107192846
24.784908321579305
24.808180535965764
24.831452750352224
24.854724964738683
24.877997179125142
24.9012693935116
24.92454160789806
24.94781382228452
24.97108603667098
24.994358251057438
25.017630465443897
25.040902679830356
25.064174894216816
25.087447108603275
25.110719322989734
25.133991537376193
25.157263751762653
25.18053596614911
25.20380818053557
25.22708039492203
25.25035260930849
25.27362482369495
25.296897038081408
25.320169252467867
25.343441466854326
25.366713681240785
25.389985895627245
25.413258110013704
25.436530324400163
25.459802538786622
25.48307475317308
25.50634696755954
25.529619181946
25.55289139633246
25.57616361071892
25.599435825105378
25.622708039491837
25.645980253878296
25.669252468264755
25.692524682651214
25.715796897037674
25.739069111424133
25.762341325810592
25.78561354019705
25.80888575458351
25.83215796896997
25.85543018335643
25.878702397742888
25.901974612129347
25.925246826515806
25.948519040902266
25.971791255288725
25.995063469675184
26.018335684061643
26.041607898448103
26.06488011283456
26.08815232722102
26.11142454160748
26.13469675599394
26.1579689703804
26.181241184766858
26.204513399153317
26.227785613539776
26.251057827926235
26.274330042312695
26.297602256699154
26.320874471085613
26.344146685472072
26.36741889985853
26.39069111424499
26.41396332863145
26.43723554301791
26.46050775740437
26.483779971790828
26.507052186177287
26.530324400563746
26.553596614950205
26.576868829336664
26.600141043723124
26.623413258109583
26.646685472496042
26.6699576868825
26.69322990126896
26.71650211565542
26.73977433004188
26.763046544428338
26.786318758814797
26.809590973201257
26.832863187587716
26.856135401974175
26.879407616360634
26.902679830747093
26.925952045133553
26.94922425952001
26.97249647390647
26.99576868829293
27.01904090267939
27.04231311706585
27.065585331452308
27.088857545838767
27.112129760225226
27.135401974611685
27.158674188998145
27.181946403384604
27.205218617771063
27.228490832157522
27.25176304654398
27.27503526093044
27.2983074753169
27.32157968970336
27.34485190408982
27.368124118476278
27.391396332862737
27.414668547249196
27.437940761635655
27.461212976022114
27.484485190408574
27.507757404795033
27.531029619181492
27.55430183356795
27.57757404795441
27.60084626234087
27.62411847672733
27.647390691113788
27.670662905500247
27.693935119886707
27.717207334273166
27.740479548659625
27.763751763046084
27.787023977432543
27.810296191819003
27.833568406205462
27.85684062059192
27.88011283497838
27.90338504936484
27.9266572637513
27.949929478137758
27.973201692524217
27.996473906910676
28.019746121297135
28.043018335683595
28.066290550070054
28.089562764456513
28.112834978842972
28.13610719322943
28.15937940761589
28.18265162200235
28.20592383638881
28.22919605077527
28.252468265161728
28.275740479548187
28.299012693934646
28.322284908321105
28.345557122707564
28.368829337094024
28.392101551480483
28.415373765866942
28.4386459802534
28.46191819463986
28.48519040902632
28.50846262341278
28.531734837799238
28.555007052185697
28.578279266572157
28.601551480958616
28.624823695345075
28.648095909731534
28.671368124117993
28.694640338504453
28.717912552890912
28.74118476727737
28.76445698166383
28.78772919605029
28.81100141043675
28.834273624823208
28.857545839209667
28.880818053596126
28.904090267982586
28.927362482369045
28.950634696755504
28.973906911141963
28.997179125528422
29.02045133991488
29.04372355430134
29.0669957686878
29.09026798307426
29.11354019746072
29.136812411847178
29.160084626233637
29.183356840620096
29.206629055006555
29.229901269393014
29.253173483779474
29.276445698165933
29.299717912552392
29.32299012693885
29.34626234132531
29.36953455571177
29.39280677009823
29.416078984484688
29.439351198871147
29.462623413257607
29.485895627644066
29.509167842030525
29.532440056416984
29.555712270803443
29.578984485189903
29.602256699576362
29.62552891396282
29.64880112834928
29.67207334273574
29.6953455571222
29.718617771508658
29.741889985895117
29.765162200281576
29.788434414668036
29.811706629054495
29.834978843440954
29.858251057827413
29.881523272213872
29.90479548660033
29.92806770098679
29.95133991537325
29.97461212975971
29.99788434414617
30.021156558532628
30.044428772919087
30.067700987305546
30.090973201692005
30.114245416078465
30.137517630464924
30.160789844851383
30.184062059237842
30.2073342736243
30.23060648801076
30.25387870239722
30.27715091678368
30.300423131170138
30.323695345556597
30.346967559943057
30.370239774329516
30.393511988715975
30.416784203102434
30.440056417488893
30.463328631875353
30.486600846261812
30.50987306064827
30.53314527503473
30.55641748942119
30.57968970380765
30.602961918194108
30.626234132580567
30.649506346967026
30.672778561353486
30.696050775739945
30.719322990126404
30.742595204512863
30.765867418899322
30.78913963328578
30.81241184767224
30.8356840620587
30.85895627644516
30.88222849083162
30.905500705218078
30.928772919604537
30.952045133990996
30.975317348377455
30.998589562763915
31.021861777150374
31.045133991536833
31.068406205923292
31.09167842030975
31.11495063469621
31.13822284908267
31.16149506346913
31.184767277855588
31.208039492242047
31.231311706628507
31.254583921014966
31.277856135401425
31.301128349787884
31.324400564174343
31.347672778560803
31.370944992947262
31.39421720733372
31.41748942172018
31.44076163610664
31.4640338504931
31.487306064879558
31.510578279266017
31.533850493652476
31.557122708038936
31.580394922425395
31.603667136811854
31.626939351198313
31.650211565584772
31.67348377997123
31.69675599435769
31.72002820874415
31.74330042313061
31.76657263751707
31.789844851903528
31.813117066289987
31.836389280676446
31.859661495062905
31.882933709449365
31.906205923835824
31.929478138222283
31.952750352608742
31.9760225669952
31.99929478138166
32.02256699576812
32.04583921015458
32.06911142454104
32.0923836389275
32.11565585331396
32.13892806770042
32.16220028208688
32.18547249647334
32.2087447108598
32.232016925246256
32.255289139632715
32.278561354019175
32.301833568405634
32.32510578279209
32.34837799717855
32.37165021156501
32.39492242595147
32.41819464033793
32.44146685472439
32.46473906911085
32.48801128349731
32.51128349788377
32.534555712270226
32.557827926656685
32.581100141043144
32.604372355429604
32.62764456981606
32.65091678420252
32.67418899858898
32.69746121297544
32.7207334273619
32.74400564174836
32.76727785613482
32.79055007052128
32.81382228490774
32.837094499294196
32.860366713680655
32.883638928067114
32.90691114245357
32.93018335684003
32.95345557122649
32.97672778561295
32.99999999999941
33.02327221438587
33.04654442877233
33.06981664315879
33.09308885754525
33.116361071931706
33.139633286318166
33.162905500704625
33.186177715091084
33.20944992947754
33.232722143864
33.25599435825046
33.27926657263692
33.30253878702338
33.32581100140984
33.3490832157963
33.37235543018276
33.39562764456922
33.418899858955676
33.442172073342135
33.465444287728594
33.488716502115054
33.51198871650151
33.53526093088797
33.55853314527443
33.58180535966089
33.60507757404735
33.62834978843381
33.65162200282027
33.67489421720673
33.69816643159319
33.721438645979646
33.744710860366105
33.767983074752564
33.79125528913902
33.81452750352548
33.83779971791194
33.8610719322984
33.88434414668486
33.90761636107132
33.93088857545778
33.95416078984424
33.9774330042307
34.000705218617156
34.023977433003616
34.047249647390075
34.070521861776534
34.09379407616299
34.11706629054945
34.14033850493591
34.16361071932237
34.18688293370883
34.21015514809529
34.23342736248175
34.25669957686821
34.27997179125467
34.303244005641126
34.326516220027585
34.349788434414045
34.373060648800504
34.39633286318696
34.41960507757342
34.44287729195988
34.46614950634634
34.4894217207328
34.51269393511926
34.53596614950572
34.55923836389218
34.58251057827864
34.605782792665096
34.629055007051555
34.652327221438014
34.67559943582447
34.69887165021093
34.72214386459739
34.74541607898385
34.76868829337031
34.79196050775677
34.81523272214323
34.83850493652969
34.86177715091615
34.885049365302606
34.908321579689066
34.931593794075525
34.954866008461984
34.97813822284844
35.0014104372349
35.02468265162136
35.04795486600782
35.07122708039428
35.09449929478074
35.1177715091672
35.14104372355366
35.16431593794012
35.187588152326576
35.210860366713035
35.234132581099495
35.257404795485954
35.28067700987241
35.30394922425887
35.32722143864533
35.35049365303179
35.37376586741825
35.39703808180471
35.42031029619117
35.44358251057763
35.46685472496409
35.490126939350546
35.513399153737005
35.536671368123464
35.55994358250992
35.58321579689638
35.60648801128284
35.6297602256693
35.65303244005576
35.67630465444222
35.69957686882868
35.72284908321514
35.7461212976016
35.769393511988056
35.792665726374516
35.815937940760975
35.839210155147434
35.86248236953389
35.88575458392035
35.90902679830681
35.93229901269327
35.95557122707973
35.97884344146619
36.00211565585265
36.02538787023911
36.04866008462557
36.071932299012026
36.095204513398485
36.118476727784945
36.141748942171404
36.16502115655786
36.18829337094432
36.21156558533078
36.23483779971724
36.2581100141037
36.28138222849016
36.30465444287662
36.32792665726308
36.35119887164954
36.374471086035996
36.397743300422455
36.421015514808914
36.44428772919537
36.46755994358183
36.49083215796829
36.51410437235475
36.53737658674121
36.56064880112767
36.58392101551413
36.60719322990059
36.63046544428705
36.653737658673506
36.677009873059966
36.700282087446425
36.723554301832884
36.74682651621934
36.7700987306058
36.79337094499226
36.81664315937872
36.83991537376518
36.86318758815164
36.8864598025381
36.90973201692456
36.93300423131102
36.956276445697476
36.979548660083935
37.002820874470395
37.026093088856854
37.04936530324331
37.07263751762977
37.09590973201623
37.11918194640269
37.14245416078915
37.16572637517561
37.18899858956207
37.21227080394853
37.23554301833499
37.258815232721446
37.282087447107905
37.305359661494364
37.32863187588082
37.35190409026728
37.37517630465374
37.3984485190402
37.42172073342666
37.44499294781312
37.46826516219958
37.49153737658604
37.5148095909725
37.538081805358956
37.561354019745416
37.584626234131875
37.607898448518334
37.63117066290479
37.65444287729125
37.67771509167771
37.70098730606417
37.72425952045063
37.74753173483709
37.77080394922355
37.79407616361001
37.81734837799647
37.840620592382926
37.863892806769385
37.887165021155845
37.910437235542304
37.93370944992876
37.95698166431522
37.98025387870168
38.00352609308814
38.0267983074746
38.05007052186106
38.07334273624752
38.09661495063398
38.11988716502044
38.143159379406896
38.166431593793355
38.189703808179814
38.212976022566274
38.23624823695273
38.25952045133919
38.28279266572565
38.30606488011211
38.32933709449857
38.35260930888503
38.37588152327149
38.39915373765795
38.42242595204441
38.445698166430866
38.468970380817325
38.492242595203784
38.51551480959024
38.5387870239767
38.56205923836316
38.58533145274962
38.60860366713608
38.63187588152254
38.655148095909
38.67842031029546
38.70169252468192
38.724964739068376
38.748236953454835
38.771509167841295
38.794781382227754
38.81805359661421
38.84132581100067
38.86459802538713
38.88787023977359
38.91114245416005
38.93441466854651
38.95768688293297
38.98095909731943
39.00423131170589
39.027503526092346
39.050775740478805
39.074047954865264
39.097320169251724
39.12059238363818
39.14386459802464
39.1671368124111
39.19040902679756
39.21368124118402
39.23695345557048
39.26022566995694
39.2834978843434
39.30677009872986
39.330042313116316
39.353314527502775
39.376586741889234
39.39985895627569
39.42313117066215
39.44640338504861
39.46967559943507
39.49294781382153
39.51622002820799
39.53949224259445
39.56276445698091
39.58603667136737
39.609308885753826
39.632581100140285
39.655853314526745
39.679125528913204
39.70239774329966
39.72566995768612
39.74894217207258
39.77221438645904
39.7954866008455
39.81875881523196
39.84203102961842
39.86530324400488
39.88857545839134
39.911847672777796
39.935119887164255
39.958392101550714
39.981664315937174
40.00493653032363
40.02820874471009
40.05148095909655
40.07475317348301
40.09802538786947
40.12129760225593
40.14456981664239
40.16784203102885
40.19111424541531
40.214386459801766
40.237658674188225
40.260930888574684
40.28420310296114
40.3074753173476
40.33074753173406
40.35401974612052
40.37729196050698
40.40056417489344
40.4238363892799
40.44710860366636
40.47038081805282
40.493653032439276
40.516925246825735
40.540197461212195
40.563469675598654
40.58674188998511
40.61001410437157
40.63328631875803
40.65655853314449
40.67983074753095
40.70310296191741
40.72637517630387
40.74964739069033
40.77291960507679
40.796191819463246
40.819464033849705
40.842736248236164
40.866008462622624
40.88928067700908
40.91255289139554
40.935825105782
40.95909732016846
40.98236953455492
41.00564174894138
41.02891396332784
41.0521861777143
41.07545839210076
41.098730606487216
41.122002820873675
41.145275035260134
41.16854724964659
41.19181946403305
41.21509167841951
41.23836389280597
41.26163610719243
41.28490832157889
41.30818053596535
41.33145275035181
41.35472496473827
41.377997179124726
41.401269393511186
41.424541607897645
41.447813822284104
41.47108603667056
41.49435825105702
41.51763046544348
41.54090267982994
41.5641748942164
41.58744710860286
41.61071932298932
41.63399153737578
41.65726375176224
41.680535966148696
41.703808180535155
41.727080394921614
41.750352609308074
41.77362482369453
41.79689703808099
41.82016925246745
41.84344146685391
41.86671368124037
41.88998589562683
41.91325811001329
41.93653032439975
41.95980253878621
41.983074753172666
42.006346967559125
42.029619181945584
42.05289139633204
42.0761636107185
42.09943582510496
42.12270803949142
42.14598025387788
42.16925246826434
42.1925246826508
42.21579689703726
42.23906911142372
42.262341325810176
42.285613540196636
42.308885754583095
42.332157968969554
42.35543018335601
42.37870239774247
42.40197461212893
42.42524682651539
42.44851904090185
42.47179125528831
42.49506346967477
42.51833568406123
42.54160789844769
42.564880112834146
42.588152327220605
42.611424541607064
42.634696755993524
42.65796897037998
42.68124118476644
42.7045133991529
42.72778561353936
42.75105782792582
42.77433004231228
42.79760225669874
42.8208744710852
42.84414668547166
42.867418899858116
42.890691114244575
42.913963328631034
42.93723554301749
42.96050775740395
42.98377997179041
43.00705218617687
43.03032440056333
43.05359661494979
43.07686882933625
43.10014104372271
43.12341325810917
43.146685472495626
43.169957686882086
43.193229901268545
43.216502115655004
43.23977433004146
43.26304654442792
43.28631875881438
43.30959097320084
43.3328631875873
43.35613540197376
43.37940761636022
43.40267983074668
43.42595204513314
43.449224259519596
43.472496473906055
43.495768688292515
43.519040902678974
43.54231311706543
43.56558533145189
43.58885754583835
43.61212976022481
43.63540197461127
43.65867418899773
43.68194640338419
43.70521861777065
43.72849083215711
43.751763046543566
43.775035260930025
43.798307475316484
43.82157968970294
43.8448519040894
43.86812411847586
43.89139633286232
43.91466854724878
43.93794076163524
43.9612129760217
43.98448519040816
44.00775740479462
44.031029619181076
44.054301833567536
44.077574047953995
44.100846262340454
44.12411847672691
44.14739069111337
44.17066290549983
44.19393511988629
44.21720733427275
44.24047954865921
44.26375176304567
44.28702397743213
44.31029619181859
44.333568406205046
44.356840620591505
44.380112834977965
44.403385049364424
44.42665726375088
44.44992947813734
44.4732016925238
44.49647390691026
44.51974612129672
44.54301833568318
44.56629055006964
44.5895627644561
44.61283497884256
44.636107193229016
44.659379407615475
44.682651622001934
44.70592383638839
44.72919605077485
44.75246826516131
44.77574047954777
44.79901269393423
44.82228490832069
44.84555712270715
44.86882933709361
44.89210155148007
44.915373765866526
44.938645980252986
44.961918194639445
44.985190409025904
45.00846262341236
45.03173483779882
45.05500705218528
45.07827926657174
45.1015514809582
45.12482369534466
45.14809590973112
45.17136812411758
45.19464033850404
45.217912552890496
45.241184767276955
45.264456981663415
45.287729196049874
45.31100141043633
45.33427362482279
45.35754583920925
45.38081805359571
45.40409026798217
45.42736248236863
45.45063469675509
45.47390691114155
45.49717912552801
45.520451339914466
45.543723554300925
45.566995768687384
45.59026798307384
45.6135401974603
45.63681241184676
45.66008462623322
45.68335684061968
45.70662905500614
45.7299012693926
45.75317348377906
45.77644569816552
45.799717912551976
45.822990126938436
45.846262341324895
45.869534555711354
45.89280677009781
45.91607898448427
45.93935119887073
45.96262341325719
45.98589562764365
46.00916784203011
46.03244005641657
46.05571227080303
46.07898448518949
46.102256699575946
46.125528913962405
46.148801128348865
46.172073342735324
46.19534555712178
46.21861777150824
46.2418899858947
46.26516220028116
46.28843441466762
46.31170662905408
46.33497884344054
46.358251057827
46.38152327221346
46.404795486599916
46.428067700986375
46.451339915372834
46.474612129759294
46.49788434414575
46.52115655853221
46.54442877291867
46.56770098730513
46.59097320169159
46.61424541607805
46.63751763046451
46.66078984485097
46.68406205923743
46.707334273623886
46.730606488010345
46.753878702396804
46.77715091678326
46.80042313116972
46.82369534555618
46.84696755994264
46.8702397743291
46.89351198871556
46.91678420310202
46.94005641748848
46.96332863187494
46.986600846261396
47.009873060647855
47.033145275034315
47.056417489420774
47.07968970380723
47.10296191819369
47.12623413258015
47.14950634696661
47.17277856135307
47.19605077573953
47.21932299012599
47.24259520451245
47.26586741889891
47.289139633285366
47.312411847671825
47.335684062058284
47.358956276444744
47.3822284908312
47.40550070521766
47.42877291960412
47.45204513399058
47.47531734837704
47.4985895627635
47.52186177714996
47.54513399153642
47.56840620592288
47.591678420309336
47.614950634695795
47.638222849082254
47.66149506346871
47.68476727785517
47.70803949224163
47.73131170662809
47.75458392101455
47.77785613540101
47.80112834978747
47.82440056417393
47.84767277856039
47.870944992946846
47.894217207333305
47.917489421719765
47.940761636106224
47.96403385049268
47.98730606487914
48.0105782792656
48.03385049365206
48.05712270803852
48.08039492242498
48.10366713681144
48.1269393511979
48.15021156558436
48.173483779970816
48.196755994357275
48.220028208743734
48.243300423130194
48.26657263751665
48.28984485190311
48.31311706628957
48.33638928067603
48.35966149506249
48.38293370944895
48.40620592383541
48.42947813822187
48.45275035260833
48.476022566994786
48.499294781381245
48.522566995767704
48.54583921015416
48.56911142454062
48.59238363892708
48.61565585331354
48.6389280677
48.66220028208646
48.68547249647292
48.70874471085938
48.73201692524584
48.755289139632296
48.778561354018755
48.801833568405215
48.825105782791674
48.84837799717813
48.87165021156459
48.89492242595105
48.91819464033751
48.94146685472397
48.96473906911043
48.98801128349689
49.01128349788335
49.03455571226981
49.057827926656266
49.081100141042725
49.104372355429184
49.127644569815644
49.1509167842021
49.17418899858856
49.19746121297502
49.22073342736148
49.24400564174794
49.2672778561344
49.29055007052086
49.31382228490732
49.33709449929378
49.360366713680236
49.383638928066695
49.406911142453154
49.43018335683961
49.45345557122607
49.47672778561253
49.49999999999899
49.52327221438545
49.54654442877191
49.56981664315837
49.59308885754483
49.61636107193129
49.639633286317746
49.662905500704206
49.686177715090665
49.709449929477124
49.73272214386358
49.75599435825004
49.7792665726365
49.80253878702296
49.82581100140942
49.84908321579588
49.87235543018234
49.8956276445688
49.91889985895526
49.942172073341716
49.965444287728175
49.988716502114634
50.011988716501094
50.03526093088755
50.05853314527401
50.08180535966047
50.10507757404693
50.12834978843339
50.15162200281985
50.17489421720631
50.19816643159277
50.22143864597923
50.244710860365686
50.267983074752145
50.291255289138604
50.31452750352506
50.33779971791152
50.36107193229798
50.38434414668444
50.4076163610709
50.43088857545736
50.45416078984382
50.47743300423028
50.50070521861674
50.523977433003196
50.547249647389656
50.570521861776115
50.593794076162574
50.61706629054903
50.64033850493549
50.66361071932195
50.68688293370841
50.71015514809487
50.73342736248133
50.75669957686779
50.77997179125425
50.80324400564071
50.826516220027166
50.849788434413625
50.873060648800084
50.896332863186544
50.919605077573
50.94287729195946
50.96614950634592
50.98942172073238
51.01269393511884
51.0359661495053
51.05923836389176
51.08251057827822
51.10578279266468
51.129055007051136
51.152327221437595
51.175599435824054
51.19887165021051
51.22214386459697
51.24541607898343
51.26868829336989
51.29196050775635
51.31523272214281
51.33850493652927
51.36177715091573
51.38504936530219
51.408321579688646
51.431593794075106
51.454866008461565
51.478138222848024
51.50141043723448
51.52468265162094
51.5479548660074
51.57122708039386
51.59449929478032
51.61777150916678
51.64104372355324
51.6643159379397
51.68758815232616
51.710860366712616
51.734132581099075
51.757404795485535
51.780677009871994
51.80394922425845
51.82722143864491
51.85049365303137
51.87376586741783
51.89703808180429
51.92031029619075
51.94358251057721
51.96685472496367
51.99012693935013
52.013399153736586
52.036671368123045
52.059943582509504
52.08321579689596
52.10648801128242
52.12976022566888
52.15303244005534
52.1763046544418
52.19957686882826
52.22284908321472
52.24612129760118
52.26939351198764
52.292665726374096
52.315937940760556
52.339210155147015
52.362482369533474
52.38575458391993
52.40902679830639
52.43229901269285
52.45557122707931
52.47884344146577
52.50211565585223
52.52538787023869
52.54866008462515
52.57193229901161
52.595204513398066
52.618476727784525
52.641748942170985
52.665021156557444
52.6882933709439
52.71156558533036
52.73483779971682
52.75811001410328
52.78138222848974
52.8046544428762
52.82792665726266
52.85119887164912
52.87447108603558
52.897743300422036
52.921015514808495
52.944287729194954
52.96755994358141
52.99083215796787
53.01410437235433
53.03737658674079
53.06064880112725
53.08392101551371
53.10719322990017
53.13046544428663
53.15373765867309
53.177009873059546
53.200282087446006
53.223554301832465
53.246826516218924
53.27009873060538
53.29337094499184
53.3166431593783
53.33991537376476
53.36318758815122
53.38645980253768
53.40973201692414
53.4330042313106
53.45627644569706
53.479548660083516
53.502820874469975
53.526093088856435
53.549365303242894
53.57263751762935
53.59590973201581
53.61918194640227
53.64245416078873
53.66572637517519
53.68899858956165
53.71227080394811
53.73554301833457
53.75881523272103
53.782087447107486
53.805359661493945
53.828631875880404
53.85190409026686
53.87517630465332
53.89844851903978
53.92172073342624
53.9449929478127
53.96826516219916
53.99153737658562
54.01480959097208
54.03808180535854
54.061354019744996
54.084626234131456
54.107898448517915
54.131170662904374
54.15444287729083
54.17771509167729
54.20098730606375
54.22425952045021
54.24753173483667
54.27080394922313
54.29407616360959
54.31734837799605
54.34062059238251
54.363892806768966
54.387165021155425
54.410437235541885
54.433709449928344
54.4569816643148
54.48025387870126
54.50352609308772
54.52679830747418
54.55007052186064
54.5733427362471
54.59661495063356
54.61988716502002
54.64315937940648
54.666431593792936
54.689703808179395
54.712976022565854
54.736248236952314
54.75952045133877
54.78279266572523
54.80606488011169
54.82933709449815
54.85260930888461
54.87588152327107
54.89915373765753
54.92242595204399
54.94569816643045
54.968970380816906
54.992242595203365
55.015514809589824
55.03878702397628
55.06205923836274
55.0853314527492
55.10860366713566
55.13187588152212
55.15514809590858
55.17842031029504
55.2016925246815
55.22496473906796
55.248236953454416
55.271509167840875
55.294781382227335
55.318053596613794
55.34132581100025
55.36459802538671
55.38787023977317
55.41114245415963
55.43441466854609
55.45768688293255
55.48095909731901
55.50423131170547
55.52750352609193
55.550775740478386
55.574047954864845
55.597320169251304
55.620592383637764
55.64386459802422
55.66713681241068
55.69040902679714
55.7136812411836
55.73695345557006
55.76022566995652
55.78349788434298
55.80677009872944
55.8300423131159
55.853314527502356
55.876586741888815
55.899858956275274
55.92313117066173
55.94640338504819
55.96967559943465
55.99294781382111
56.01622002820757
56.03949224259403
56.06276445698049
56.08603667136695
56.10930888575341
56.132581100139866
56.155853314526325
56.179125528912785
56.202397743299244
56.2256699576857
56.24894217207216
56.27221438645862
56.29548660084508
56.31875881523154
56.342031029618
56.36530324400446
56.38857545839092
56.41184767277738
56.435119887163836
56.458392101550295
56.481664315936754
56.504936530323214
56.52820874470967
56.55148095909613
56.57475317348259
56.59802538786905
56.62129760225551
56.64456981664197
56.66784203102843
56.69111424541489
56.71438645980135
56.737658674187806
56.760930888574265
56.784203102960724
56.80747531734718
56.83074753173364
56.8540197461201
56.87729196050656
56.90056417489302
56.92383638927948
56.94710860366594
56.9703808180524
56.99365303243886
57.016925246825316
57.040197461211775
57.063469675598235
57.086741889984694
57.11001410437115
57.13328631875761
57.15655853314407
57.17983074753053
57.20310296191699
57.22637517630345
57.24964739068991
57.27291960507637
57.29619181946283
57.319464033849286
57.342736248235745
57.366008462622204
57.389280677008664
57.41255289139512
57.43582510578158
57.45909732016804
57.4823695345545
57.50564174894096
57.52891396332742
57.55218617771388
57.57545839210034
57.5987306064868
57.622002820873256
57.645275035259715
57.668547249646174
57.69181946403263
57.71509167841909
57.73836389280555
57.76163610719201
57.78490832157847
57.80818053596493
57.83145275035139
57.85472496473785
57.87799717912431
57.901269393510766
57.924541607897226
57.947813822283685
57.971086036670144
57.9943582510566
58.01763046544306
58.04090267982952
58.06417489421598
58.08744710860244
58.1107193229889
58.13399153737536
58.15726375176182
58.18053596614828
58.203808180534736
58.227080394921195
58.250352609307654
58.273624823694114
58.29689703808057
58.32016925246703
58.34344146685349
58.36671368123995
58.38998589562641
58.41325811001287
58.43653032439933
58.45980253878579
58.48307475317225
58.506346967558706
58.529619181945165
58.552891396331624
58.57616361071808
58.59943582510454
58.622708039491
58.64598025387746
58.66925246826392
58.69252468265038
58.71579689703684
58.7390691114233
58.76234132580976
58.785613540196216
58.808885754582676
58.832157968969135
58.855430183355594
58.87870239774205
58.90197461212851
58.92524682651497
58.94851904090143
58.97179125528789
58.99506346967435
59.01833568406081
59.04160789844727
59.06488011283373
59.088152327220186
59.111424541606645
59.134696755993104
59.157968970379564
59.18124118476602
59.20451339915248
59.22778561353894
59.2510578279254
59.27433004231186
59.29760225669832
59.32087447108478
59.34414668547124
59.3674188998577
59.390691114244156
59.413963328630615
59.437235543017074
59.46050775740353
59.48377997178999
59.50705218617645
59.53032440056291
59.55359661494937
59.57686882933583
59.60014104372229
59.62341325810875
59.64668547249521
59.669957686881666
59.693229901268126
59.716502115654585
59.739774330041044
59.7630465444275
59.78631875881396
59.80959097320042
59.83286318758688
59.85613540197334
59.8794076163598
59.90267983074626
59.92595204513272
59.94922425951918
59.972496473905636
59.995768688292095
60.019040902678555
60.042313117065014
60.06558533145147
60.08885754583793
60.11212976022439
60.13540197461085
60.15867418899731
60.18194640338377
60.20521861777023
60.22849083215669
60.25176304654315
60.275035260929606
60.298307475316065
60.321579689702524
60.34485190408898
60.36812411847544
60.3913963328619
60.41466854724836
60.43794076163482
60.46121297602128
60.48448519040774
60.5077574047942
60.53102961918066
60.554301833567116
60.577574047953576
60.600846262340035
60.624118476726494
60.64739069111295
60.67066290549941
60.69393511988587
60.71720733427233
60.74047954865879
60.76375176304525
60.78702397743171
60.81029619181817
60.83356840620463
60.856840620591086
60.880112834977545
60.903385049364005
60.926657263750464
60.94992947813692
60.97320169252338
60.99647390690984
61.0197461212963
61.04301833568276
61.06629055006922
61.08956276445568
61.11283497884214
61.1361071932286
61.159379407615056
61.182651622001515
61.205923836387974
61.22919605077443
61.25246826516089
61.27574047954735
61.29901269393381
61.32228490832027
61.34555712270673
61.36882933709319
61.39210155147965
61.41537376586611
61.438645980252566
61.461918194639026
61.485190409025485
61.508462623411944
61.5317348377984
61.55500705218486
61.57827926657132
61.60155148095778
61.62482369534424
61.6480959097307
61.67136812411716
61.69464033850362
61.71791255289008
61.741184767276536
61.764456981662995
61.787729196049455
61.811001410435914
61.83427362482237
61.85754583920883
61.88081805359529
61.90409026798175
61.92736248236821
61.95063469675467
61.97390691114113
61.99717912552759
62.02045133991405
62.043723554300506
62.066995768686965
62.090267983073424
62.11354019745988
62.13681241184634
62.1600846262328
62.18335684061926
62.20662905500572
62.22990126939218
62.25317348377864
62.2764456981651
62.29971791255156
62.322990126938016
62.346262341324476
62.369534555710935
62.392806770097394
62.41607898448385
62.43935119887031
62.46262341325677
62.48589562764323
62.50916784202969
62.53244005641615
62.55571227080261
62.57898448518907
62.60225669957553
62.625528913961986
62.648801128348445
62.672073342734905
62.695345557121364
62.71861777150782
62.74188998589428
62.76516220028074
62.7884344146672
62.81170662905366
62.83497884344012
62.85825105782658
62.88152327221304
62.9047954865995
62.928067700985956
62.951339915372415
62.974612129758874
62.997884344145334
63.02115655853179
63.04442877291825
63.06770098730471
63.09097320169117
63.11424541607763
63.13751763046409
63.16078984485055
63.18406205923701
63.20733427362347
63.230606488009926
63.253878702396385
63.277150916782844
63.3004231311693
63.32369534555576
63.34696755994222
63.37023977432868
63.39351198871514
63.4167842031016
63.44005641748806
63.46332863187452
63.48660084626098
63.509873060647436
63.533145275033895
63.556417489420355
63.579689703806814
63.60296191819327
63.62623413257973
63.64950634696619
63.67277856135265
63.69605077573911
63.71932299012557
63.74259520451203
63.76586741889849
63.78913963328495
63.812411847671406
63.835684062057865
63.858956276444324
63.882228490830784
63.90550070521724
63.9287729196037
63.95204513399016
63.97531734837662
63.99858956276308
64.02186177714954
64.045133991536
64.06840620592247
64.09167842030894
64.1149506346954
64.13822284908187
64.16149506346834
64.1847672778548
64.20803949224127
64.23131170662774
64.2545839210142
64.27785613540067
64.30112834978713
64.3244005641736
64.34767277856007
64.37094499294653
64.394217207333
64.41748942171947
64.44076163610593
64.4640338504924
64.48730606487887
64.51057827926533
64.5338504936518
64.55712270803826
64.58039492242473
64.6036671368112
64.62693935119766
64.65021156558413
64.6734837799706
64.69675599435706
64.72002820874353
64.74330042313
64.76657263751646
64.78984485190293
64.8131170662894
64.83638928067586
64.85966149506233
64.88293370944879
64.90620592383526
64.92947813822173
64.95275035260819
64.97602256699466
64.99929478138112
65.02256699576759
65.04583921015406
65.06911142454052
65.09238363892699
65.11565585331346
65.13892806769992
65.16220028208639
65.18547249647285
65.20874471085932
65.23201692524579
65.25528913963225
65.27856135401872
65.30183356840519
65.32510578279165
65.34837799717812
65.37165021156459
65.39492242595105
65.41819464033752
65.44146685472398
65.46473906911045
65.48801128349692
65.51128349788338
65.53455571226985
65.55782792665632
65.58110014104278
65.60437235542925
65.62764456981571
65.65091678420218
65.67418899858865
65.69746121297511
65.72073342736158
65.74400564174805
65.76727785613451
65.79055007052098
65.81382228490745
65.83709449929391
65.86036671368038
65.88363892806684
65.90691114245331
65.93018335683978
65.95345557122624
65.97672778561271
65.99999999999918
